-1.192093E-07 1 0 0	-1 -1.192093E-07 0 0	0 0 -1 0	0 0 0 1	
0.1267912 -0.07133313 -0.9893612 0	0.4033389 0.9149393 -0.01427755 0	-0.906224 0.3972376 -0.1447777 0	0 0 0 1	
0.1280473 -0.070384 -0.9892673 0	0.4032008 0.9150205 -0.01291263 0	-0.9061087 0.39722 -0.1455448 0	0 0 0 1	
0.1295987 -0.06943166 -0.9891326 0	0.4035554 0.9148849 -0.01134501 0	-0.9057301 0.3976995 -0.1465874 0	0 0 0 1	
0.1271354 -0.06871472 -0.9895024 0	0.4042763 0.9145638 -0.01156759 0	-0.9057579 0.3985617 -0.1440531 0	0 0 0 1	
0.1282348 -0.06861843 -0.9893671 0	0.4048229 0.9143296 -0.01094386 0	-0.9053586 0.3991151 -0.1450272 0	0 0 0 1	
0.1287184 -0.06841935 -0.9893181 0	0.4053551 0.9140993 -0.01047735 0	-0.9050518 0.3996765 -0.1453955 0	0 0 0 1	
0.1293658 -0.06802087 -0.9892612 0	0.4054431 0.9140674 -0.009830728 0	-0.9049202 0.3998173 -0.1458277 0	0 0 0 1	
0.1300376 -0.06755815 -0.9892048 0	0.4050872 0.9142319 -0.009186402 0	-0.9049832 0.3995196 -0.1462515 0	0 0 0 1	
0.1309296 -0.06730761 -0.9891042 0	0.4043095 0.9145807 -0.008717149 0	-0.9052023 0.3987629 -0.1469588 0	0 0 0 1	
0.1321203 -0.06767693 -0.9889207 0	0.4028675 0.9152159 -0.008809596 0	-0.9056722 0.3972401 -0.1481835 0	0 0 0 1	
0.1309165 -0.05541709 -0.9898434 0	0.4038943 0.914803 0.002203092 0	-0.9053897 0.4000804 -0.1421454 0	0 0 0 1	
0.1310235 -0.05325565 -0.9899479 0	0.4030304 0.9151773 0.004109427 0	-0.9057591 0.3995175 -0.1413733 0	0 0 0 1	
0.1307955 -0.05016138 -0.9901395 0	0.4019344 0.9156439 0.0067074 0	-0.9062788 0.3988485 -0.1399237 0	0 0 0 1	
0.1300062 -0.05020469 -0.9902414 0	0.4014814 0.9158456 0.006276608 0	-0.9065932 0.3983795 -0.1392218 0	0 0 0 1	
0.1300088 -0.05099577 -0.9902006 0	0.4003406 0.9163507 0.005370408 0	-0.907097 0.3971157 -0.1395493 0	0 0 0 1	
0.1303815 -0.05120136 -0.990141 0	0.39859 0.9171153 0.005061105 0	-0.9078143 0.3953201 -0.1399832 0	0 0 0 1	
0.1309116 -0.05104686 -0.9900789 0	0.3973482 0.917653 0.005226001 0	-0.9082822 0.3940902 -0.1404148 0	0 0 0 1	
0.1314659 -0.05083983 -0.9900162 0	0.3971222 0.9177486 0.005605802 0	-0.908301 0.3938944 -0.1408422 0	0 0 0 1	
0.1321121 -0.04965548 -0.9899903 0	0.3962759 0.9181061 0.006832242 0	-0.9085768 0.3932119 -0.1409702 0	0 0 0 1	
0.1324487 -0.04884104 -0.9899858 0	0.3955002 0.9184344 0.007602304 0	-0.9088658 0.3925465 -0.1409621 0	0 0 0 1	
0.1326367 -0.04884395 -0.9899605 0	0.3950149 0.9186432 0.007599622 0	-0.9090493 0.3920572 -0.1411399 0	0 0 0 1	
0.1324236 -0.04899012 -0.9899818 0	0.3928884 0.9195591 0.007049039 0	-0.9100016 0.3898858 -0.141019 0	0 0 0 1	
0.1320356 -0.04882748 -0.9900416 0	0.3902485 0.9206856 0.006638035 0	-0.911193 0.3872387 -0.1406181 0	0 0 0 1	
0.1313487 -0.04838564 -0.9901547 0	0.3876958 0.9217653 0.006386012 0	-0.9123812 0.3847176 -0.1398316 0	0 0 0 1	
0.1296338 -0.04646136 -0.9904729 0	0.3819448 0.9241613 0.006638452 0	-0.9150483 0.3791665 -0.1375483 0	0 0 0 1	
0.1276489 -0.04407445 -0.9908397 0	0.3762251 0.9264998 0.007256225 0	-0.917693 0.373705 -0.1348486 0	0 0 0 1	
0.1241806 -0.04033664 -0.9914395 0	0.3689249 0.9294213 0.008395419 0	-0.9211264 0.3668092 -0.1302972 0	0 0 0 1	
0.1168253 -0.03377068 -0.9925783 0	0.3577214 0.9337712 0.01033355 0	-0.926492 0.3562737 -0.1211687 0	0 0 0 1	
0.1090981 -0.02686085 -0.9936681 0	0.3481569 0.9373477 0.01288693 0	-0.9310663 0.3473583 -0.1116147 0	0 0 0 1	
0.09329724 -0.01391794 -0.995541 0	0.3331897 0.9426871 0.01804589 0	-0.9382325 0.3333877 -0.09258741 0	0 0 0 1	
0.07613152 -0.004251689 -0.9970888 0	0.3217997 0.9465851 0.02053431 0	-0.943742 0.3224262 -0.0734331 0	0 0 0 1	
0.05625516 0.003813222 -0.9984092 0	0.3111433 0.9501274 0.02116014 0	-0.9486967 0.3118386 -0.05226314 0	0 0 0 1	
0.03582662 0.009401649 -0.9993139 0	0.3020369 0.9530907 0.01979521 0	-0.952623 0.3025388 -0.03130639 0	0 0 0 1	
0.009729207 0.01299381 -0.9998683 0	0.2934702 0.9558461 0.01527736 0	-0.9559188 0.2935801 -0.00548631 0	0 0 0 1	
-0.00875175 0.01282151 -0.9998796 0	0.2910181 0.9566682 0.009720236 0	-0.9566777 0.2908979 0.0121038 0	0 0 0 1	
-0.02770317 0.01004918 -0.9995657 0	0.2925094 0.9562615 0.001506865 0	-0.9558613 0.2923406 0.02943099 0	0 0 0 1	
-0.055825 0.005998924 -0.9984226 0	0.3024223 0.9531084 -0.0111827 0	-0.951538 0.3025695 0.05502141 0	0 0 0 1	
-0.0777384 0.004222319 -0.9969649 0	0.3149291 0.948893 -0.02053787 0	-0.9459262 0.3155698 0.07509518 0	0 0 0 1	
-0.1018947 0.004134923 -0.9947866 0	0.3309542 0.9431705 -0.02997886 0	-0.9381294 0.3322835 0.09747255 0	0 0 0 1	
-0.1379083 0.007227063 -0.9904188 0	0.3546355 0.9340353 -0.04256463 0	-0.9247785 0.3571076 0.1313742 0	0 0 0 1	
-0.1673628 0.01119924 -0.9858318 -7.019179E-09	0.3715973 0.9269053 -0.05255555 -5.618236E-10	-0.9131841 0.3751282 0.159291 3.04822E-09	0 0 0 1	
-0.1954476 0.01367866 -0.9806188 -0.009841063	0.3893788 0.9187961 -0.06479096 0.003165558	-0.9001025 0.3944954 0.1849027 0.003941986	0 0 0 1	
-0.2258306 0.01841642 -0.9739925 -0.02014238	0.407707 0.9098326 -0.07732794 0.006233679	-0.8847461 0.4145665 0.2129766 0.008610039	0 0 0 1	
-0.2587813 0.0253755 -0.9656025 -0.03084997	0.4238955 0.9012364 -0.08991998 0.0092094	-0.8679544 0.4325842 0.2439797 0.0138093	0 0 0 1	
-0.2938147 0.03408648 -0.9552544 -0.04188407	0.436069 0.8940887 -0.1022211 0.01209222	-0.8505979 0.4465909 0.2775605 0.01933668	0 0 0 1	
-0.3301852 0.0436161 -0.942908 -0.05323027	0.4427223 0.8893964 -0.1138906 0.01489292	-0.8336515 0.4550513 0.3129754 0.02500887	0 0 0 1	
-0.3643558 0.05275427 -0.9297648 -0.06380045	0.4439235 0.8874981 -0.1236083 0.01678607	-0.8186436 0.4577817 0.346784 0.03063321	0 0 0 1	
-0.3995252 0.06155194 -0.9146534 -0.07562727	0.4381683 0.8892143 -0.1315541 0.01967759	-0.8052255 0.4533314 0.3822336 0.03624982	0 0 0 1	
-0.4325067 0.06912275 -0.8989773 -0.08762123	0.4268052 0.893967 -0.1366026 0.02281752	-0.7942137 0.4427697 0.4161487 0.04181633	0 0 0 1	
-0.4628674 0.07498761 -0.8832502 -0.09978322	0.4119856 0.9004559 -0.1394527 0.02616006	-0.7848706 0.4284345 0.4476855 0.04743105	0 0 0 1	
-0.4910536 0.07739167 -0.8676848 -0.1123828	0.3951788 0.9074516 -0.142707 0.02945483	-0.7763377 0.4129674 0.4761908 0.05326015	0 0 0 1	
-0.5170672 0.07669985 -0.8525015 -0.125464	0.3781391 0.9139837 -0.147121 0.03253746	-0.7678883 0.3984355 0.5015942 0.05949287	0 0 0 1	
-0.5386331 0.07465646 -0.8392263 -0.1379849	0.3635604 0.9191568 -0.1515738 0.03536259	-0.7600647 0.3867521 0.5222304 0.0664295	0 0 0 1	
-0.5611461 0.07312007 -0.8244808 -0.1512024	0.3516942 0.9227654 -0.1575284 0.0379681	-0.7492838 0.3783616 0.5435221 0.07428594	0 0 0 1	
-0.5839417 0.07198881 -0.8085973 -0.1641167	0.3432246 0.9245479 -0.1655535 0.04014931	-0.735669 0.3742041 0.5645905 0.08348017	0 0 0 1	
-0.6068355 0.07104278 -0.7916464 -0.1766552	0.3369502 0.9250643 -0.1752729 0.04194116	-0.719872 0.3731071 0.5852998 0.09390564	0 0 0 1	
-0.6285517 0.07059661 -0.7745572 -0.1888046	0.3314421 0.925233 -0.1846349 0.04371256	-0.7036112 0.3727735 0.6049556 0.1050686	0 0 0 1	
-0.648785 0.07077588 -0.7576733 -0.2005386	0.3264529 0.9252778 -0.1931048 0.04563481	-0.6873912 0.3726281 0.6234114 0.1167491	0 0 0 1	
-0.6650139 0.07288197 -0.7432663 -0.2094925	0.3233516 0.9252067 -0.1985862 0.04827034	-0.6732016 0.3723989 0.6388417 0.1295599	0 0 0 1	
-0.6819968 0.07717024 -0.7272725 -0.2195944	0.3217302 0.9246856 -0.2035836 0.05101237	-0.6567878 0.3728288 0.6554606 0.142437	0 0 0 1	
-0.6974616 0.08345161 -0.7117471 -0.2288206	0.3227189 0.9233621 -0.2079782 0.05412334	-0.6398442 0.3747509 0.670941 0.1561363	0 0 0 1	
-0.7113205 0.09037415 -0.6970335 -0.2374358	0.3259873 0.9210073 -0.2132554 0.0572724	-0.6227002 0.378917 0.6845922 0.1706246	0 0 0 1	
-0.7247508 0.09687454 -0.6821674 -0.2455708	0.3316015 0.9169056 -0.2220914 0.05965574	-0.6039681 0.3871685 0.6966518 0.186358	0 0 0 1	
-0.7373942 0.1006802 -0.6679171 -0.2538624	0.3378605 0.9112186 -0.23565 0.0606107	-0.5848932 0.3994297 0.7059432 0.2029299	0 0 0 1	
-0.747241 0.1011325 -0.6568128 -0.2619573	0.3447151 0.9039745 -0.2529854 0.05937866	-0.568157 0.4154544 0.7103487 0.2210921	0 0 0 1	
-0.7589025 0.1000321 -0.6434753 -0.2704954	0.3503662 0.8956435 -0.2739821 0.05684351	-0.5489174 0.4333778 0.7147541 0.2388707	0 0 0 1	
-0.7693245 0.09822977 -0.631261 -0.278946	0.3562906 0.8861429 -0.2963237 0.05293692	-0.5302796 0.4528815 0.7167299 0.2567191	0 0 0 1	
-0.7785027 0.09454983 -0.6204789 -0.2876462	0.3604593 0.8766499 -0.3186755 0.04798903	-0.5138121 0.471747 0.7165557 0.2739536	0 0 0 1	
-0.7868025 0.08781756 -0.6109254 -0.2968359	0.36058 0.8687441 -0.3395082 0.0426822	-0.500923 0.4874134 0.7151953 0.2900665	0 0 0 1	
-0.7938731 0.07946338 -0.6028693 -0.3062704	0.3580813 0.8623886 -0.3578599 0.03756555	-0.4914708 0.4999715 0.7130814 0.3049495	0 0 0 1	
-0.7982913 0.07582019 -0.59748 -0.3059035	0.3592481 0.8561814 -0.371341 0.03088714	-0.4833961 0.5110818 0.7107205 0.3205101	0 0 0 1	
-0.8029475 0.06705664 -0.5922657 -0.3145527	0.3553567 0.8516045 -0.3853457 0.02549859	-0.4785362 0.519878 0.7076228 0.3329606	0 0 0 1	
-0.8054782 0.06001386 -0.5895787 -0.3229136	0.3528956 0.8478138 -0.3958237 0.02062335	-0.4760981 0.5268872 0.7040743 0.3440227	0 0 0 1	
-0.8061051 0.05610435 -0.5891072 -0.3304997	0.3530501 0.8445205 -0.4026671 0.01662298	-0.4749218 0.5325762 0.70058 0.3540867	0 0 0 1	
-0.8045352 0.05461718 -0.5913885 -0.3376653	0.3559079 0.8414949 -0.4064676 0.01333499	-0.4754503 0.5374973 0.6964509 0.362837	0 0 0 1	
-0.800225 0.05166969 -0.5974698 -0.3458512	0.3599588 0.838236 -0.4096218 0.009345107	-0.4796557 0.5428541 0.6893764 0.3692494	0 0 0 1	
-0.7920687 0.04635496 -0.6086699 -0.3469114	0.3662446 0.8337957 -0.4130978 0.001800168	-0.4883572 0.5501237 0.6774007 0.3755141	0 0 0 1	
-0.7818995 0.03597635 -0.6223655 -0.3582785	0.3700278 0.830232 -0.4168865 -0.005113542	-0.5017098 0.5562558 0.6624702 0.3759807	0 0 0 1	
-0.768851 0.0228702 -0.6390189 -0.3707521	0.3732778 0.827454 -0.419504 -0.0124894	-0.5191646 0.5610676 0.6447258 0.3733562	0 0 0 1	
-0.7533063 0.00720346 -0.6576306 -0.3838388	0.3746043 0.8265772 -0.4200497 -0.01969549	-0.5405567 0.5627773 0.6253642 0.3677721	0 0 0 1	
-0.7342921 -0.01094839 -0.6787454 -0.3976745	0.3731844 0.8287144 -0.4170922 -0.02572204	-0.5670526 0.5595647 0.6044327 0.3588555	0 0 0 1	
-0.7104297 -0.0307588 -0.7030957 -0.4122737	0.3693695 0.8340878 -0.4097118 -0.02984134	-0.5990458 0.5507736 0.5811994 0.3463533	0 0 0 1	
-0.6813986 -0.0502952 -0.7301825 -0.4245205	0.3648902 0.8414717 -0.3984726 -0.0319481	-0.6344692 0.5379551 0.5550255 0.331174	0 0 0 1	
-0.6480844 -0.07035851 -0.7583115 -0.4387406	0.3588902 0.8500111 -0.3855891 -0.03418656	-0.6717026 0.5220448 0.525628 0.3130972	0 0 0 1	
-0.6110725 -0.08918488 -0.7865344 -0.4519114	0.3526906 0.8588782 -0.3713995 -0.03631225	-0.7086605 0.5043553 0.4933822 0.2932735	0 0 0 1	
-0.5299506 -0.1228661 -0.8390809 -0.4738211	0.3399941 0.8756621 -0.3429576 -0.04165415	-0.7768892 0.467033 0.422284 0.2511039	0 0 0 1	
-0.4879415 -0.1398629 -0.8615984 -0.4824873	0.3347503 0.8816234 -0.3326897 -0.04692519	-0.8061363 0.4507533 0.3833615 0.229637	0 0 0 1	
-0.4458953 -0.1568184 -0.8812407 -0.4921548	0.3320427 0.8853047 -0.3255506 -0.05561295	-0.831219 0.437771 0.3426828 0.2095283	0 0 0 1	
-0.3667977 -0.1846668 -0.9117882 -0.50141	0.3326793 0.8892525 -0.313934 -0.07149345	-0.8687831 0.4184833 0.2647409 0.1714696	0 0 0 1	
-0.29489 -0.2026905 -0.9337861 -0.5053577	0.3378173 0.8920175 -0.3003069 -0.08516508	-0.8938228 0.4040066 0.1945748 0.1396555	0 0 0 1	
-0.2576916 -0.2122133 -0.9426349 -0.5065758	0.3409759 0.8928445 -0.2942179 -0.09194377	-0.9040633 0.3972333 0.1577189 0.1233206	0 0 0 1	
-0.2203759 -0.2216899 -0.9498886 -0.5072012	0.3439862 0.893601 -0.2883587 -0.09856403	-0.9127476 0.3902958 0.1206698 0.1070349	0 0 0 1	
-0.1853987 -0.2284328 -0.9557436 -0.5092044	0.3458847 0.8951933 -0.2810566 -0.1047203	-0.9197778 0.3826845 0.08695626 0.0922672	0 0 0 1	
-0.1526141 -0.2311094 -0.9608838 -0.5082637	0.3466973 0.8979632 -0.2710407 -0.1082512	-0.9254784 0.3745004 0.05691683 0.07957833	0 0 0 1	
-0.08546495 -0.2336613 -0.9685547 -0.5053626	0.3464649 0.9044742 -0.248774 -0.1129045	-0.9341616 0.3568316 -0.00365454 0.05433083	0 0 0 1	
-0.05273521 -0.2352079 -0.9705136 -0.5034515	0.3443482 0.9079741 -0.2387622 -0.1150185	-0.9373599 0.3467857 -0.03311121 0.04224796	0 0 0 1	
-0.02387476 -0.23619 -0.9714136 -0.5022601	0.3411162 0.9114507 -0.2299943 -0.1175951	-0.939718 0.3368559 -0.05880755 0.03234012	0 0 0 1	
0.02475268 -0.2330174 -0.9721575 -0.4972057	0.3382144 0.9170635 -0.2112004 -0.1203967	-0.9407434 0.3235699 -0.1015096 0.01701698	0 0 0 1	
0.04751182 -0.2294526 -0.9721596 -0.4946884	0.3388299 0.9192559 -0.2004067 -0.120612	-0.9396473 0.319875 -0.1214209 0.01025778	0 0 0 1	
0.06919014 -0.225776 -0.9717191 -0.4922685	0.3395964 0.9212099 -0.1898598 -0.120477	-0.9380231 0.3168558 -0.1404113 0.003906563	0 0 0 1	
0.08879399 -0.2217051 -0.9710626 -0.4914626	0.340637 0.9228895 -0.1795588 -0.1204463	-0.9359927 0.3148361 -0.157468 -0.0005394965	0 0 0 1	
0.1073766 -0.2166647 -0.970323 -0.4894276	0.3418291 0.9245129 -0.1686087 -0.1191876	-0.9336076 0.31358 -0.1733333 -0.005497962	0 0 0 1	
0.1273771 -0.2106545 -0.9692264 -0.4876283	0.3437755 0.9259903 -0.156078 -0.1167149	-0.9303728 0.3133155 -0.1903678 -0.01111567	0 0 0 1	
0.14808 -0.2038869 -0.9677306 -0.486113	0.344691 0.9278018 -0.1427307 -0.1131911	-0.926963 0.3124324 -0.2076669 -0.01700009	0 0 0 1	
0.1673594 -0.1976774 -0.965875 -0.4848955	0.3437587 0.9299105 -0.130753 -0.1095767	-0.9240243 0.3101452 -0.2235826 -0.02235716	0 0 0 1	
0.183017 -0.1937782 -0.963823 -0.4839574	0.3412993 0.9319304 -0.122558 -0.1070971	-0.9219651 0.306522 -0.2366955 -0.02648719	0 0 0 1	
0.1948965 -0.1926997 -0.961708 -0.4828495	0.3388068 0.9333811 -0.1183623 -0.1078475	-0.9204485 0.3027648 -0.2472006 -0.0281716	0 0 0 1	
0.2042401 -0.1947356 -0.9593561 -0.4824499	0.336617 0.9342226 -0.1179706 -0.1084158	-0.9192252 0.2988412 -0.256357 -0.03058145	0 0 0 1	
0.210686 -0.1986813 -0.9571505 -0.4823859	0.3355988 0.9343213 -0.1200712 -0.1099774	-0.918142 0.2959213 -0.2635257 -0.03218074	0 0 0 1	
0.2128706 -0.2048745 -0.9553599 -0.4827009	0.3364452 0.9333449 -0.1251877 -0.1128831	-0.9173281 0.2947774 -0.2676107 -0.03242884	0 0 0 1	
0.209705 -0.2125741 -0.9543774 -0.4834296	0.3394849 0.9311876 -0.132814 -0.1169761	-0.9169372 0.296145 -0.2674404 -0.03073954	0 0 0 1	
0.2001097 -0.2200292 -0.9547477 -0.4845943	0.3440036 0.928198 -0.1418094 -0.1216583	-0.9173972 0.3000593 -0.2614323 -0.0263464	0 0 0 1	
0.1829923 -0.2236044 -0.9573479 -0.4825646	0.3503756 0.9246812 -0.149002 -0.1315604	-0.9185591 0.3081651 -0.247555 -0.01146844	0 0 0 1	
0.1608267 -0.2270764 -0.9605057 -0.4839723	0.3554284 0.921206 -0.1582726 -0.1360909	-0.9207636 0.3159365 -0.228864 -0.001125477	0 0 0 1	
0.133732 -0.2279165 -0.9644532 -0.485491	0.3605186 0.9177025 -0.1668786 -0.1399219	-0.9231155 0.3253863 -0.2048942 0.01148865	0 0 0 1	
0.1015896 -0.2255986 -0.9689091 -0.4870381	0.3651245 0.9144331 -0.1746315 -0.1428319	-0.9253992 0.3360317 -0.1752684 0.02653514	0 0 0 1	
0.06362283 -0.2192979 -0.9735814 -0.4884799	0.3680736 0.9119378 -0.1813594 -0.1445589	-0.9276174 0.3468109 -0.1387378 0.04460803	0 0 0 1	
0.01938093 -0.2092471 -0.9776709 -0.4894438	0.3687964 0.910395 -0.1875374 -0.1452006	-0.9293083 0.3569267 -0.09481388 0.06593953	0 0 0 1	
-0.03176713 -0.1943011 -0.9804274 -0.4894648	0.3663127 0.9104056 -0.1922932 -0.1441836	-0.9299494 0.3652516 -0.04225397 0.09113361	0 0 0 1	
-0.08968782 -0.1732828 -0.9807799 -0.4856269	0.3599006 0.912568 -0.1941425 -0.1411214	-0.9286699 0.3703954 0.01948166 0.1213259	0 0 0 1	
-0.1528641 -0.1495307 -0.9768692 -0.4818761	0.3497899 0.9163095 -0.1949972 -0.135836	-0.9242726 0.371507 0.08776653 0.1533831	0 0 0 1	
-0.2207438 -0.1246743 -0.9673309 -0.4754671	0.3368613 0.9210181 -0.1955766 -0.1293073	-0.9153126 0.3690285 0.161311 0.1877286	0 0 0 1	
-0.2913383 -0.1008639 -0.9512879 -0.4662631	0.3224781 0.9258654 -0.1969295 -0.1222063	-0.9006276 0.3641425 0.2372137 0.2231146	0 0 0 1	
-0.3620362 -0.07702713 -0.9289762 -0.4544984	0.3084455 0.9305425 -0.1973629 -0.1138213	-0.8796541 0.357991 0.3131313 0.2585976	0 0 0 1	
-0.4289428 -0.05315369 -0.9017667 -0.4411145	0.2961957 0.9348022 -0.1959921 -0.1037085	-0.8533912 0.3511688 0.3852328 0.2925458	0 0 0 1	
-0.4902685 -0.03015901 -0.8710496 -0.4247939	0.285766 0.9385932 -0.1933404 -0.09209749	-0.8233922 0.3437051 0.4515442 0.3238946	0 0 0 1	
-0.5457759 -0.009219542 -0.8378805 -0.410191	0.2766246 0.9418966 -0.1905509 -0.07950534	-0.7909535 0.3357764 0.5115141 0.3529961	0 0 0 1	
-0.5969222 0.009778395 -0.8022395 -0.3949191	0.267862 0.9449788 -0.1877898 -0.06601623	-0.756263 0.3269854 0.5666981 0.3804218	0 0 0 1	
-0.6830355 0.03452723 -0.7295687 -0.3663743	0.2439992 0.9522815 -0.1833692 -0.03591871	-0.6884236 0.3032618 0.6588668 0.4276204	0 0 0 1	
-0.7139053 0.04061624 -0.6990632 -0.3568849	0.2280589 0.9573725 -0.1772766 -0.01671336	-0.6620637 0.2859863 0.6927363 0.4452742	0 0 0 1	
-0.7391057 0.04276443 -0.6722305 -0.3503243	0.2083462 0.9635576 -0.1677755 0.005859239	-0.6405581 0.2640605 0.7210807 0.4597169	0 0 0 1	
-0.786834 0.03366229 -0.616246 -0.3365721	0.1540432 0.9776199 -0.1432829 0.05866479	-0.5976312 0.2076684 0.77441 0.4828993	0 0 0 1	
-0.8247144 0.01198256 -0.5654231 -0.3312107	0.09113516 0.9895251 -0.1119576 0.1196986	-0.5581588 0.1438629 0.8171676 0.4975036	0 0 0 1	
-0.8339337 0.001328737 -0.5518632 -0.3356508	0.0612504 0.9940417 -0.09016355 0.1546759	-0.5484552 0.1089923 0.8290462 0.4976521	0 0 0 1	
-0.8456315 -0.009550605 -0.533682 -0.336067	0.03539829 0.9966354 -0.07392487 0.186928	-0.5325924 0.08140461 0.8424481 0.498369	0 0 0 1	
-0.8681018 -0.03015461 -0.4954699 -0.340052	0.001479805 0.9979914 -0.06333113 0.2403013	-0.4963845 0.05571105 0.8663136 0.5076426	0 0 0 1	
-0.8838387 -0.02865247 -0.4669137 -0.3414638	0.0008316124 0.9980246 -0.06281864 0.2895589	-0.4677913 0.05590983 0.882069 0.5206786	0 0 0 1	
-0.8951843 -0.01660574 -0.4453871 -0.3392026	0.01251912 0.9979745 -0.06237051 0.3415248	-0.4455207 0.06140895 0.8931633 0.53158	0 0 0 1	
-0.9034889 0.0004007062 -0.4286116 -0.3364427	0.0268594 0.998087 -0.05568498 0.3989223	-0.4277694 0.061823 0.9017714 0.5388715	0 0 0 1	
-0.9093978 0.03465012 -0.4144816 -0.3223506	0.06056292 0.9969344 -0.04953633 0.4570591	-0.4114946 0.07015044 0.9087086 0.5491416	0 0 0 1	
-0.9161009 0.06240343 -0.3960618 -0.3083367	0.09213981 0.9941427 -0.05648473 0.5093288	-0.3902171 0.08823878 0.9164848 0.5648025	0 0 0 1	
-0.9211987 0.08430567 -0.3798495 -0.2931881	0.1146306 0.9917199 -0.05789127 0.5623587	-0.3718237 0.09687174 0.9232352 0.5778963	0 0 0 1	
-0.9247371 0.09524558 -0.3684968 -0.2823928	0.1239491 0.9907651 -0.05496455 0.5907528	-0.3598587 0.09650258 0.928003 0.5828699	0 0 0 1	
-0.9282072 0.1062148 -0.3565814 -0.2704082	0.1319796 0.9900581 -0.048644 0.6208063	-0.3478695 0.09221316 0.9329972 0.5854558	0 0 0 1	
-0.9325118 0.1128976 -0.3430391 -0.259915	0.1343926 0.990142 -0.03946484 0.6518993	-0.3352019 0.08290335 0.9384917 0.5848628	0 0 0 1	
-0.9390876 0.1133422 -0.3244503 -0.2511901	0.1288905 0.9912976 -0.02676409 0.6866027	-0.3185933 0.06695236 0.9455241 0.5783771	0 0 0 1	
-0.9438293 0.1167703 -0.3091134 -0.2411844	0.1249685 0.9921376 -0.006782938 0.7221251	-0.305891 0.04503138 0.951001 0.5678895	0 0 0 1	
-0.9472659 0.1259724 -0.2946508 -0.2262158	0.1265321 0.9918126 0.01724572 0.759104	-0.2944108 0.0209465 0.9554497 0.5544852	0 0 0 1	
-0.9494145 0.1379775 -0.2820894 -0.2091329	0.1318266 0.9904342 0.04076563 0.7947133	-0.2850158 -0.001516581 0.9585217 0.5407851	0 0 0 1	
-0.9504875 0.1480584 -0.2732258 -0.1951612	0.1368872 0.9887909 0.05961826 0.8264242	-0.2789902 -0.01926528 0.9601008 0.529303	0 0 0 1	
-0.9502306 0.1564221 -0.2694328 -0.1852056	0.1418093 0.9871987 0.07299842 0.8537818	-0.2774023 -0.03115724 0.9602486 0.5212407	0 0 0 1	
-0.950069 0.1659487 -0.2642544 -0.1675878	0.1494416 0.9854029 0.08153719 0.8755173	-0.273928 -0.03797534 0.9610003 0.5149481	0 0 0 1	
-0.9484292 0.173933 -0.2650087 -0.1594941	0.1546776 0.9836683 0.09204084 0.8988816	-0.2766896 -0.04630329 0.9598433 0.5088825	0 0 0 1	
-0.947953 0.1796345 -0.2629009 -0.1514192	0.1577611 0.9821693 0.1022492 0.9211578	-0.2765807 -0.05545192 0.9593896 0.5028289	0 0 0 1	
-0.9485831 0.1842538 -0.2573731 -0.1420332	0.160055 0.980712 0.112189 0.9425261	-0.2730801 -0.06522675 0.9597776 0.4970751	0 0 0 1	
-0.9493723 0.1897116 -0.2504045 -0.1307651	0.1639087 0.9791061 0.1203549 0.962148	-0.2680053 -0.07321814 0.9606315 0.4933811	0 0 0 1	
-0.9496759 0.1964214 -0.2439971 -0.1183897	0.1696464 0.9773533 0.1264936 0.9798934	-0.2633174 -0.07873468 0.9614911 0.4919488	0 0 0 1	
-0.9503978 0.2043945 -0.2344515 -0.1017167	0.1774143 0.9753606 0.1311327 0.9919884	-0.2554775 -0.08303317 0.9632431 0.4867197	0 0 0 1	
-0.9506023 0.211191 -0.2274944 -0.0885336	0.1840535 0.9736323 0.1347756 1.006878	-0.2499593 -0.08624681 0.9644074 0.487756	0 0 0 1	
-0.9512526 0.2156707 -0.2204654 -0.07762893	0.1888203 0.9724641 0.1366032 1.020298	-0.243856 -0.0883158 0.965782 0.490124	0 0 0 1	
-0.9527044 0.2163941 -0.2133725 -0.07060821	0.1902553 0.9722014 0.1364822 1.032372	-0.236975 -0.08943197 0.9673907 0.4936668	0 0 0 1	
-0.9541222 0.2155869 -0.2077822 -0.06621189	0.1900613 0.9722972 0.1360695 1.043922	-0.2313608 -0.09033558 0.968665 0.4969432	0 0 0 1	
-0.9547997 0.2152281 -0.2050234 -0.06321977	0.1895873 0.9721682 0.1376429 1.055934	-0.2289419 -0.09255155 0.9690304 0.4977117	0 0 0 1	
-0.9557016 0.2149168 -0.2011101 -0.05849399	0.1890294 0.9718935 0.140324 1.067468	-0.2256155 -0.09609218 0.9694657 0.4961578	0 0 0 1	
-0.9567327 0.2120008 -0.1992943 -0.05900009	0.1847743 0.9717703 0.1467001 1.080966	-0.2247688 -0.1035284 0.9688969 0.4903129	0 0 0 1	
-0.9579551 0.2074403 -0.1982183 -0.06197195	0.1780609 0.9715422 0.156205 1.095645	-0.2249807 -0.1143425 0.9676309 0.4799889	0 0 0 1	
-0.9594566 0.2007703 -0.1978243 -0.06790414	0.1683293 0.9711069 0.1691645 1.111496	-0.2260717 -0.1290063 0.9655304 0.4645296	0 0 0 1	
-0.9613156 0.1930057 -0.1965224 -0.0746365	0.1567758 0.9700075 0.1857599 1.128253	-0.2264809 -0.1477639 0.962742 0.4439371	0 0 0 1	
-0.9628407 0.1854151 -0.1963651 -0.08210742	0.1445811 0.9680038 0.2050974 1.145234	-0.2281103 -0.1690854 0.958841 0.4193453	0 0 0 1	
-0.964015 0.1793353 -0.1962504 -0.08849865	0.1341168 0.9654487 0.2234313 1.166116	-0.2295388 -0.1890706 0.9547589 0.3915271	0 0 0 1	
-0.9643288 0.1731398 -0.2002315 -0.09722735	0.1221302 0.9621167 0.2437531 1.181462	-0.2348494 -0.2106038 0.9489424 0.3642495	0 0 0 1	
-0.9652753 0.1647374 -0.2027456 -0.107666	0.1082883 0.958607 0.263337 1.195407	-0.2377348 -0.2322376 0.9431587 0.3370249	0 0 0 1	
-0.9667553 0.1539812 -0.2041422 -0.1202936	0.09302805 0.9554454 0.2801248 1.207234	-0.2381807 -0.2518212 0.9380064 0.3126293	0 0 0 1	
-0.9670383 0.1474235 -0.2076133 -0.1296498	0.081673 0.9518529 0.295475 1.217598	-0.2411773 -0.2687792 0.9325187 0.2905182	0 0 0 1	
-0.9663566 0.1449699 -0.2124596 -0.1353055	0.07480793 0.9487323 0.3071007 1.226076	-0.2460876 -0.2808751 0.9276586 0.2740744	0 0 0 1	
-0.9664365 0.1432441 -0.213265 -0.1384279	0.07173215 0.9475699 0.3113932 1.23815	-0.2466888 -0.2856438 0.9260414 0.2587058	0 0 0 1	
-0.9669305 0.1406579 -0.2127474 -0.1406732	0.06977722 0.94824 0.3097935 1.242133	-0.2453105 -0.2847037 0.9266969 0.2615547	0 0 0 1	
-0.9679589 0.1382937 -0.2095954 -0.1409732	0.07029114 0.9505363 0.3025556 1.24416	-0.2410696 -0.2781287 0.929801 0.2730378	0 0 0 1	
-0.9694574 0.1357249 -0.2042822 -0.1401158	0.07187882 0.9535778 0.2924427 1.244931	-0.2344908 -0.2688272 0.9342088 0.28895	0 0 0 1	
-0.9712887 0.1318951 -0.1979958 -0.1402023	0.07218798 0.9564041 0.2829843 1.245378	-0.2266882 -0.2605664 0.9384657 0.3037628	0 0 0 1	
-0.9728413 0.1282781 -0.1926775 -0.1408247	0.07165973 0.9584075 0.2762606 1.246233	-0.2201017 -0.2549505 0.9415709 0.3145304	0 0 0 1	
-0.9743061 0.1258202 -0.1868071 -0.1403595	0.07175622 0.9595987 0.2720689 1.251858	-0.2134916 -0.2516738 0.9439713 0.3171154	0 0 0 1	
-0.9766238 0.1201151 -0.1782656 -0.1412516	0.06853011 0.9600185 0.2714188 1.253885	-0.2037397 -0.2528574 0.9458084 0.319379	0 0 0 1	
-0.9790856 0.1136139 -0.1687718 -0.1424844	0.06434479 0.9598885 0.2728991 1.256252	-0.1930072 -0.256332 0.9471234 0.3187068	0 0 0 1	
-0.9811996 0.1067125 -0.1608097 -0.1452512	0.05935635 0.9597011 0.2746829 1.258284	-0.1836413 -0.2599737 0.9479924 0.3173547	0 0 0 1	
-0.9832023 0.09299472 -0.1570514 -0.1590858	0.04661642 0.9598733 0.2765322 1.25959	-0.1764655 -0.2645659 0.9480848 0.3140707	0 0 0 1	
-0.9844781 0.07501756 -0.1586677 -0.1818592	0.02798377 0.9595761 0.2800547 1.260605	-0.1732628 -0.2712676 0.9467809 0.3067495	0 0 0 1	
-0.9837513 0.06224497 -0.1684022 -0.206096	0.01163908 0.9581149 0.2861475 1.268422	-0.1791599 -0.2795379 0.9432712 0.2893694	0 0 0 1	
-0.9826417 0.05563576 -0.1769741 -0.2200788	0.001183905 0.9558313 0.2939133 1.270578	-0.1855095 -0.288602 0.9393057 0.2757202	0 0 0 1	
-0.9811484 0.0558287 -0.185017 -0.2254656	-0.001983585 0.9544045 0.2985096 1.272288	-0.1932465 -0.2932492 0.9363017 0.267721	0 0 0 1	
-0.9795382 0.05914579 -0.1923722 -0.2266595	-0.0007041544 0.9548297 0.2971527 1.272622	-0.201258 -0.2912078 0.9352505 0.2689783	0 0 0 1	
-0.9778326 0.06384826 -0.1994158 -0.2260044	0.003389379 0.957077 0.2898139 1.271379	-0.2093604 -0.2827136 0.9360776 0.2791756	0 0 0 1	
-0.9760289 0.06829277 -0.2066492 -0.2258026	0.008342598 0.9605356 0.2780317 1.268583	-0.2174815 -0.269643 0.9380804 0.2955574	0 0 0 1	
-0.9734857 0.07189295 -0.2171571 -0.231216	0.01248903 0.9646159 0.2633632 1.27007	-0.2284072 -0.2536682 0.9399377 0.3085129	0 0 0 1	
-0.9712315 0.07411619 -0.2263103 -0.2349661	0.01626642 0.9687619 0.2474588 1.265078	-0.2375815 -0.2366585 0.9420975 0.3292385	0 0 0 1	
-0.9699705 0.07539117 -0.231243 -0.2369676	0.02039731 0.972612 0.231538 1.259692	-0.2423657 -0.2198683 0.9449427 0.3507241	0 0 0 1	
-0.9702491 0.0760898 -0.2298416 -0.2352942	0.02422504 0.9750772 0.2205393 1.256019	-0.2408941 -0.2084101 0.947911 0.366733	0 0 0 1	
-0.9715625 0.07773966 -0.223658 -0.2291328	0.0281546 0.9757951 0.2168669 1.255218	-0.2351035 -0.2044028 0.9502347 0.3739082	0 0 0 1	
-0.9733009 0.08006945 -0.2151146 -0.2205143	0.03143511 0.9748517 0.2206267 1.257193	-0.2273703 -0.207974 0.951341 0.3713318	0 0 0 1	
-0.9747385 0.08249442 -0.2075565 -0.2135383	0.03337222 0.9726511 0.2298609 1.265886	-0.2208423 -0.2171276 0.9508336 0.3587415	0 0 0 1	
-0.9769131 0.07947356 -0.1983053 -0.2109649	0.02933487 0.9693406 0.2439638 1.271193	-0.2116141 -0.2325142 0.9492928 0.3399668	0 0 0 1	
-0.9787135 0.07559642 -0.1908014 -0.2106418	0.02400763 0.965477 0.2593798 1.27649	-0.2038225 -0.2492778 0.9467402 0.3185462	0 0 0 1	
-0.9795752 0.07777176 -0.1854297 -0.2043164	0.02421963 0.9610959 0.275151 1.282191	-0.1996147 -0.26504 0.9433492 0.2971968	0 0 0 1	
-0.9797382 0.08481555 -0.1814381 -0.1929294	0.02909995 0.9565756 0.2900282 1.287875	-0.1981582 -0.2788718 0.9396619 0.2775619	0 0 0 1	
-0.9796329 0.09065678 -0.1791677 -0.1841939	0.03285836 0.9526275 0.3023593 1.29245	-0.198091 -0.2903139 0.9362041 0.2607391	0 0 0 1	
-0.9789807 0.09258296 -0.1817282 -0.1865776	0.03211097 0.9498858 0.3109435 1.302324	-0.2014091 -0.2985722 0.9328928 0.2494155	0 0 0 1	
-0.9784188 0.09095822 -0.1855349 -0.1912556	0.02819969 0.9482795 0.3161815 1.304143	-0.2046983 -0.304126 0.9303795 0.2397974	0 0 0 1	
-0.9776819 0.08864903 -0.1904718 -0.1975084	0.02405512 0.9478891 0.3176911 1.30493	-0.2087091 -0.3060191 0.9288664 0.2353377	0 0 0 1	
-0.9770797 0.08540699 -0.1949895 -0.2045635	0.02013435 0.9489579 0.3147593 1.30451	-0.2119195 -0.3036189 0.9289272 0.2374872	0 0 0 1	
-0.9768996 0.07959411 -0.1983233 -0.2139812	0.0154349 0.9519051 0.3060039 1.302194	-0.2131411 -0.295874 0.9311444 0.2481066	0 0 0 1	
-0.9772751 0.06992482 -0.2001092 -0.2271012	0.008725567 0.956495 0.291618 1.297491	-0.2117949 -0.283245 0.935369 0.2666	0 0 0 1	
-0.9774166 0.05777672 -0.2032703 -0.2470642	-0.0001452882 0.9617147 0.2740525 1.290074	-0.2113219 -0.267893 0.9399875 0.2866828	0 0 0 1	
-0.9781487 0.04322685 -0.2033628 -0.2649172	-0.01084729 0.9662039 0.2575506 1.283117	-0.2076231 -0.2541287 0.9446223 0.3073239	0 0 0 1	
-0.9790035 0.02746616 -0.2019849 -0.2831197	-0.02315545 0.9694827 0.2440639 1.27664	-0.2025243 -0.2436165 0.948491 0.3238052	0 0 0 1	
-0.9798919 0.01372547 -0.1990565 -0.2976612	-0.03391461 0.9716572 0.2339492 1.271434	-0.1966257 -0.2359958 0.9516535 0.3365197	0 0 0 1	
-0.980737 0.003664704 -0.1953008 -0.3070402	-0.0413918 0.9732201 0.226118 1.267578	-0.1908993 -0.2298461 0.9543213 0.3471819	0 0 0 1	
-0.9813504 -0.002055179 -0.1922173 -0.3115062	-0.04506179 0.9745398 0.2196397 1.264955	-0.186872 -0.2242051 0.9564576 0.356691	0 0 0 1	
-0.9812759 -0.003803277 -0.1925704 -0.3139511	-0.04559784 0.975971 0.2130762 1.263245	-0.1871327 -0.2178673 0.9578702 0.3651933	0 0 0 1	
-0.9815075 -0.005585782 -0.191342 -0.314792	-0.04563294 0.9775841 0.2055404 1.260836	-0.1859048 -0.210471 0.9597611 0.3764144	0 0 0 1	
-0.9815056 -0.004772449 -0.1913753 -0.3132974	-0.04338618 0.9792222 0.198095 1.258891	-0.1864535 -0.2027344 0.9613191 0.3876176	0 0 0 1	
-0.9813601 -0.0006309617 -0.1921776 -0.3082158	-0.03822063 0.9806592 0.1919549 1.258067	-0.1883396 -0.195722 0.9624039 0.3974348	0 0 0 1	
-0.9811605 0.006342368 -0.1930905 -0.2996828	-0.03035611 0.9819849 0.1865049 1.258005	-0.1907948 -0.1888527 0.9632924 0.4068569	0 0 0 1	
-0.9807919 0.01413655 -0.1945434 -0.2905	-0.02167946 0.9832904 0.1807482 1.25781	-0.1938478 -0.181494 0.9640969 0.4167054	0 0 0 1	
-0.9798588 0.02054384 -0.1986327 -0.2867091	-0.01461693 0.984647 0.173944 1.258514	-0.1991566 -0.1733439 0.9645147 0.4265172	0 0 0 1	
-0.9793155 0.02548352 -0.2007288 -0.2815876	-0.008501002 0.9859795 0.1666497 1.256956	-0.2021613 -0.164909 0.9653684 0.4375747	0 0 0 1	
-0.9790941 0.03028619 -0.2011414 -0.2754709	-0.002146012 0.9872602 0.1590995 1.255217	-0.2033975 -0.156205 0.9665557 0.4494225	0 0 0 1	
-0.9795145 0.03426301 -0.1984379 -0.2682087	0.00376207 0.9883604 0.1520839 1.253518	-0.2013391 -0.1482218 0.9682423 0.4612032	0 0 0 1	
-0.9803544 0.03855168 -0.1934394 -0.2589933	0.01010587 0.9892426 0.1459353 1.25208	-0.1969845 -0.1411134 0.9701979 0.4724	0 0 0 1	
-0.9811372 0.04385328 -0.1882738 -0.2484123	0.01706468 0.9897749 0.1416134 1.251462	-0.1925589 -0.1357293 0.9718534 0.4812431	0 0 0 1	
-0.9815187 0.04917263 -0.1849409 -0.2405604	0.02327034 0.98992 0.1397025 1.253694	-0.1899462 -0.132817 0.9727694 0.4876482	0 0 0 1	
-0.9817976 0.05424125 -0.1820217 -0.2318602	0.02874086 0.9897465 0.139914 1.254889	-0.1877444 -0.1321357 0.9732896 0.4895318	0 0 0 1	
-0.9814398 0.05921578 -0.182399 -0.2255971	0.03345548 0.9894158 0.1411987 1.256429	-0.1888297 -0.1324757 0.9730332 0.489125	0 0 0 1	
-0.9804214 0.06396233 -0.1862333 -0.2219793	0.03747813 0.9890985 0.1424057 1.25782	-0.1933117 -0.1326379 0.9721307 0.4880289	0 0 0 1	
-0.9786634 0.06978469 -0.1932565 -0.2191285	0.04223494 0.9887961 0.1431726 1.258977	-0.2010825 -0.1319556 0.970646 0.4871749	0 0 0 1	
-0.9761664 0.07729218 -0.202795 -0.2157889	0.0484923 0.9884868 0.1433259 1.259902	-0.2115381 -0.1300758 0.9686757 0.4871964	0 0 0 1	
-0.9730041 0.08574649 -0.2142672 -0.2146212	0.055744 0.9882464 0.1423434 1.258694	-0.2239542 -0.1265566 0.9663477 0.4821416	0 0 0 1	
-0.9696681 0.09247397 -0.2262574 -0.213881	0.06194861 0.9884247 0.1384881 1.257556	-0.236445 -0.1202712 0.9641726 0.487228	0 0 0 1	
-0.9664022 0.09638765 -0.238279 -0.2167258	0.06614526 0.9890639 0.1318231 1.254776	-0.2483792 -0.111633 0.9622091 0.4955169	0 0 0 1	
-0.9636459 0.0963667 -0.2491992 -0.2238117	0.06734142 0.9901811 0.1225012 1.250285	-0.2585573 -0.1012664 0.9606735 0.5065293	0 0 0 1	
-0.9618311 0.09062782 -0.2582014 -0.2368733	0.06410129 0.991931 0.1093795 1.243232	-0.2660308 -0.08865355 0.9598794 0.5212076	0 0 0 1	
-0.9612113 0.0799647 -0.2639672 -0.2540517	0.05741793 0.9940963 0.09206394 1.233196	-0.2697707 -0.07333644 0.9601279 0.5403976	0 0 0 1	
-0.9619248 0.06703647 -0.2649661 -0.2714877	0.04950411 0.996153 0.07230872 1.221691	-0.2687941 -0.05643863 0.961543 0.5613187	0 0 0 1	
-0.963798 0.05529655 -0.2608365 -0.283318	0.04283841 0.9976639 0.05321262 1.209661	-0.2631696 -0.0401124 0.9639153 0.5842942	0 0 0 1	
-0.9662172 0.0483024 -0.2531632 -0.2866865	0.03985337 0.9984674 0.03839961 1.200269	-0.25463 -0.02701295 0.9666613 0.6038935	0 0 0 1	
-0.9685873 0.04627671 -0.2443295 -0.282965	0.04048185 0.9987683 0.02868873 1.19426	-0.2453562 -0.01789663 0.9692677 0.6184923	0 0 0 1	
-0.9706236 0.04597433 -0.2361705 -0.277524	0.04143118 0.998849 0.02416618 1.19164	-0.2370097 -0.01367144 0.9714112 0.6265068	0 0 0 1	
-0.9720521 0.04501227 -0.2304098 -0.2745605	0.04060342 0.9988908 0.02384319 1.191693	-0.2312275 -0.01382139 0.9728016 0.6281558	0 0 0 1	
-0.9725574 0.04368333 -0.2285256 -0.2755672	0.03886675 0.9989181 0.02553725 1.19382	-0.2293939 -0.0159544 0.9732029 0.6295927	0 0 0 1	
-0.9722674 0.04395965 -0.2297033 -0.2759713	0.03877857 0.9988824 0.02702345 1.195088	-0.2306345 -0.01736646 0.9728855 0.6274733	0 0 0 1	
-0.9716282 0.044193 -0.232348 -0.2775066	0.03905591 0.9988812 0.02666575 1.195148	-0.2332665 -0.01683463 0.9722672 0.6273566	0 0 0 1	
-0.9710778 0.04475954 -0.2345302 -0.2783346	0.04017765 0.9988975 0.02428076 1.19393	-0.2353585 -0.01415563 0.9718056 0.6301007	0 0 0 1	
-0.9706204 0.04662767 -0.236055 -0.2770841	0.04304108 0.9988665 0.02032692 1.191785	-0.2367352 -0.009569655 0.9715271 0.6354505	0 0 0 1	
-0.9703642 0.04882513 -0.2366644 -0.2747381	0.04639227 0.9987977 0.01584119 1.189285	-0.2371534 -0.004392322 0.9714626 0.641825	0 0 0 1	
-0.9703269 0.05071146 -0.23642 -0.2734928	0.04925553 0.9987133 0.01206438 1.186516	-0.2367276 -6.139465E-05 0.9715762 0.6411589	0 0 0 1	
-0.9706947 0.05272069 -0.2344615 -0.2695047	0.05200716 0.9986041 0.009229721 1.185129	-0.2346207 0.003234434 0.9720815 0.6458518	0 0 0 1	
-0.9712005 0.0547229 -0.2318944 -0.2650597	0.0547229 0.9984808 0.006437667 1.183692	-0.2318944 0.006437667 0.9727197 0.6505556	0 0 0 1	
-0.971831 0.05536031 -0.2290844 -0.2621433	0.05570287 0.998435 0.004975857 1.183005	-0.2290013 0.007924965 0.9733938 0.653245	0 0 0 1	
-0.9727924 0.05351662 -0.2254135 -0.2617042	0.0544417 0.9985147 0.002114602 1.181189	-0.2251918 0.01021482 0.974261 0.6570842	0 0 0 1	
-0.9738901 0.05097985 -0.2212224 -0.261751	0.05234018 0.9986293 -0.0002875524 1.179659	-0.2209045 0.01185887 0.9752234 0.6602309	0 0 0 1	
-0.974858 0.04853415 -0.2174775 -0.2627668	0.05027139 0.9987326 -0.002459201 1.178793	-0.2170825 0.01333027 0.9760623 0.6672454	0 0 0 1	
-0.9758651 0.04847711 -0.2129255 -0.259508	0.05039035 0.9987233 -0.003564469 1.178327	-0.2124809 0.01420783 0.977062 0.6695864	0 0 0 1	
-0.9765035 0.05018912 -0.2095759 -0.2548892	0.0521875 0.9986292 -0.004012635 1.178386	-0.2090872 0.01485559 0.9777842 0.6712731	0 0 0 1	
-0.9768739 0.05123105 -0.2075882 -0.2520609	0.05331535 0.9985678 -0.004454477 1.178222	-0.2070627 0.0154191 0.9782062 0.6724289	0 0 0 1	
-0.976989 0.05134022 -0.2070188 -0.2514038	0.05323875 0.9985753 -0.003606401 1.178878	-0.2065387 0.01454484 0.9783304 0.6713454	0 0 0 1	
-0.9766433 0.05239241 -0.2083825 -0.250872	0.05381121 0.9985505 -0.001141589 1.180732	-0.2080207 0.01232824 0.9780469 0.667981	0 0 0 1	
-0.976024 0.05310098 -0.2110863 -0.2534001	0.05397885 0.9985408 0.001605212 1.183273	-0.2108635 0.009827472 0.9774661 0.6627365	0 0 0 1	
-0.9753218 0.05461232 -0.2139277 -0.2533176	0.05498754 0.9984782 0.004200791 1.185299	-0.2138315 0.007666235 0.9768405 0.6590223	0 0 0 1	
-0.9750446 0.05490975 -0.2151121 -0.2536712	0.05630582 0.9984135 -0.0003628028 1.182402	-0.2147509 0.01246581 0.9765894 0.664787	0 0 0 1	
-0.9748641 0.05491273 -0.2159271 -0.2541829	0.05799087 0.9982855 -0.007940767 1.177232	-0.2151209 0.02026297 0.9763771 0.6744872	0 0 0 1	
-0.974333 0.05559457 -0.2181384 -0.2547799	0.05862458 0.9982524 -0.007437757 1.177787	-0.2173437 0.02003513 0.9758894 0.6735356	0 0 0 1	
-0.9735153 0.05696573 -0.2214112 -0.2552029	0.05950095 0.9982167 -0.004791699 1.179819	-0.2207434 0.01783897 0.9751688 0.6696236	0 0 0 1	
-0.972859 0.05837621 -0.2239155 -0.2558759	0.0605654 0.9981599 -0.002915293 1.180787	-0.2233333 0.0163977 0.9746045 0.6652182	0 0 0 1	
-0.9724257 0.05975203 -0.2254279 -0.2550703	0.06222805 0.9980544 -0.00388766 1.180186	-0.224757 0.0178084 0.9742521 0.6663195	0 0 0 1	
-0.9721439 0.06204337 -0.2260243 -0.2524766	0.06482321 0.9978848 -0.004890434 1.179568	-0.2252428 0.01940583 0.9741094 0.667943	0 0 0 1	
-0.9717776 0.06476358 -0.2268355 -0.2494633	0.06719926 0.997735 -0.003023501 1.180981	-0.2261259 0.01818135 0.9739286 0.6658613	0 0 0 1	
-0.9716382 0.06574786 -0.2271486 -0.2483595	0.06822358 0.9976654 -0.003056466 1.180967	-0.2264173 0.01846667 0.9738553 0.6658142	0 0 0 1	
-0.9713753 0.06576708 -0.228265 -0.2490674	0.0683382 0.9976565 -0.003369228 1.180704	-0.2275085 0.01887201 0.9735934 0.6656673	0 0 0 1	
-0.9710141 0.06514252 -0.2299744 -0.2513922	0.06785504 0.9976876 -0.003897436 1.180297	-0.2291887 0.01938939 0.973189 0.6670452	0 0 0 1	
-0.9703331 0.06524178 -0.2328035 -0.253196	0.06813116 0.9976667 -0.0043829 1.179942	-0.2319744 0.02011405 0.972514 0.6667953	0 0 0 1	
-0.96992 0.065115 -0.2345541 -0.2545373	0.0681961 0.9976592 -0.00504005 1.179459	-0.2336769 0.02088412 0.9720902 0.6669042	0 0 0 1	
-0.9698062 0.06422029 -0.2352701 -0.2560795	0.06728879 0.9977208 -0.005028938 1.179396	-0.2344109 0.02070813 0.9719173 0.6661214	0 0 0 1	
-0.9699116 0.06282575 -0.2352114 -0.2576548	0.06574555 0.9978259 -0.004584074 1.179601	-0.234412 0.01991025 0.9719334 0.6648013	0 0 0 1	
-0.9702916 0.06064946 -0.2342132 -0.2601348	0.06368837 0.9979551 -0.005426069 1.178908	-0.2334052 0.02018153 0.9721701 0.66664	0 0 0 1	
-0.9700904 0.05830312 -0.2356378 -0.2639856	0.06138378 0.9980977 -0.005752946 1.17855	-0.2348541 0.02004522 0.9718239 0.6657745	0 0 0 1	
-0.9691818 0.05563078 -0.2399839 -0.2702836	0.05857766 0.9982696 -0.005158178 1.178796	-0.2392816 0.0190569 0.9707633 0.6628531	0 0 0 1	
-0.9679785 0.0525296 -0.2454762 -0.2778949	0.05553309 0.9984426 -0.005324517 1.178449	-0.2448142 0.01878607 0.9693881 0.6604416	0 0 0 1	
-0.9669036 0.05060728 -0.250073 -0.2833633	0.05407675 0.9985121 -0.007018032 1.177135	-0.2493458 0.0203089 0.9682016 0.6606027	0 0 0 1	
-0.9662364 0.05030813 -0.2526986 -0.2853988	0.05414134 0.9984993 -0.008233854 1.17629	-0.2519051 0.02163729 0.9675101 0.6611714	0 0 0 1	
-0.965739 0.05120613 -0.2544141 -0.2852496	0.05501329 0.9984546 -0.007866979 1.176648	-0.2536181 0.0215936 0.9670637 0.660296	0 0 0 1	
-0.9654818 0.05241799 -0.2551424 -0.2848441	0.05612388 0.9983974 -0.007261004 1.174784	-0.2543528 0.02132994 0.9668764 0.6627854	0 0 0 1	
-0.9652199 0.0528456 -0.2560439 -0.2847601	0.05649876 0.9983786 -0.006927702 1.175062	-0.2552626 0.02115291 0.9666406 0.6620855	0 0 0 1	
-0.9647187 0.05272469 -0.2579502 -0.2860516	0.05639025 0.9983854 -0.006827514 1.175136	-0.2571737 0.0211325 0.9661342 0.6612448	0 0 0 1	
-0.9641125 0.05161709 -0.260428 -0.2890254	0.05543362 0.9984355 -0.007326063 1.174707	-0.2596424 0.02149962 0.9654655 0.6607019	0 0 0 1	
-0.9635891 0.04993914 -0.2626824 -0.2925936	0.05391732 0.9985137 -0.007953417 1.174128	-0.2618948 0.02182696 0.9648496 0.6601971	0 0 0 1	
-0.9630899 0.04890337 -0.2647004 -0.2951681	0.0529788 0.9985614 -0.008274762 1.173813	-0.2639149 0.02199285 0.9642951 0.6595731	0 0 0 1	
-0.9626722 0.04895417 -0.2662061 -0.2961341	0.05293227 0.9985678 -0.007784827 1.174801	-0.2654438 0.02158513 0.9638847 0.6589234	0 0 0 1	
-0.9622718 0.04908238 -0.2676265 -0.2967848	0.05273557 0.9985875 -0.006475065 1.175719	-0.2669307 0.02034421 0.963501 0.6567934	0 0 0 1	
-0.9621322 0.04894583 -0.2681524 -0.2971383	0.05267642 0.9985889 -0.006730935 1.175525	-0.2674446 0.02060136 0.9633529 0.6569288	0 0 0 1	
-0.9622289 0.04821855 -0.2679377 -0.2977518	0.05238312 0.9985916 -0.008412046 1.174267	-0.2671548 0.02212973 0.9633995 0.6589843	0 0 0 1	
-0.9624109 0.04691046 -0.2675168 -0.2989821	0.05140461 0.9986296 -0.009816825 1.173151	-0.2666897 0.02319941 0.9635035 0.6605135	0 0 0 1	
-0.962909 0.04519138 -0.266015 -0.3000177	0.04964028 0.9987169 -0.01002074 1.172856	-0.2652208 0.02285412 0.9639168 0.6605729	0 0 0 1	
-0.9627411 0.04445322 -0.2667466 -0.3017589	0.04890114 0.998753 -0.01005199 1.172639	-0.2659672 0.02272168 0.9637145 0.6607279	0 0 0 1	
-0.9628358 0.04464965 -0.2663717 -0.3011536	0.04889001 0.9987608 -0.009305504 1.1732	-0.2656261 0.02198259 0.9638256 0.6598107	0 0 0 1	
-0.9629909 0.04472279 -0.2657984 -0.3005856	0.04861944 0.9987845 -0.008095004 1.174073	-0.2651133 0.02071838 0.9639949 0.6582824	0 0 0 1	
-0.9630725 0.04490276 -0.2654713 -0.3000437	0.0485607 0.9987941 -0.00722815 1.174717	-0.2648266 0.01985271 0.9640918 0.6571733	0 0 0 1	
-0.9630972 0.04503798 -0.265359 -0.2997027	0.04869609 0.9987875 -0.007219224 1.174754	-0.2647122 0.01987476 0.9641228 0.6571305	0 0 0 1	
-0.9630334 0.04482307 -0.2656274 -0.3000699	0.04848787 0.9987974 -0.007251747 1.174726	-0.2649829 0.01986338 0.9640486 0.6569022	0 0 0 1	
-0.9630637 0.04501146 -0.2654858 -0.2996398	0.04855952 0.9987971 -0.006812346 1.175064	-0.2648598 0.01945258 0.9640909 0.6563033	0 0 0 1	
-0.9641436 0.0458695 -0.2613869 -0.3011125	0.04927178 0.9987644 -0.006474105 1.194566	-0.2607669 0.01912096 0.9652123 0.7322606	0 0 0 1	
-0.9642732 0.04703264 -0.2607017 -0.2990254	0.05039169 0.9987102 -0.006211605 1.194889	-0.2600733 0.01912688 0.9653996 0.7324459	0 0 0 1	
-0.9642812 0.0474695 -0.2605936 -0.2983307	0.05082956 0.9986883 -0.006165698 1.194984	-0.2599591 0.01919132 0.9654292 0.7324964	0 0 0 1	
-0.9642478 0.04741691 -0.2607259 -0.298465	0.05078239 0.9986906 -0.006182622 1.194992	-0.2600914 0.01920186 0.9653932 0.7323862	0 0 0 1	
-0.9642705 0.04771756 -0.2605873 -0.2979333	0.0510115 0.9986807 -0.005887724 1.195271	-0.2599626 0.0189703 0.9654324 0.7320531	0 0 0 1	
-0.9635701 0.04829422 -0.2630606 -0.2985731	0.05146468 0.9986615 -0.005170838 1.193972	-0.2624588 0.01852079 0.9647657 0.7317111	0 0 0 1	
-0.9636703 0.04905855 -0.262551 -0.297217	0.05207218 0.998633 -0.004528344 1.194528	-0.2619699 0.01803543 0.9649075 0.7311954	0 0 0 1	
-0.9637327 0.04927056 -0.2622821 -0.2967681	0.05222804 0.9986259 -0.004312166 1.19471	-0.2617092 0.01785425 0.9649817 0.7309925	0 0 0 1	
-0.963799 0.04894191 -0.2621002 -0.297106	0.05180733 0.9986489 -0.004029175 1.1949	-0.261549 0.01746202 0.9650325 0.7304713	0 0 0 1	
-0.9637033 0.04837326 -0.2625566 -0.2982326	0.0510699 0.9986891 -0.003452126 1.195289	-0.2620454 0.01673556 0.9649104 0.7292761	0 0 0 1	
-0.9635245 0.04768141 -0.2633385 -0.2997636	0.05007318 0.9987427 -0.002374376 1.196044	-0.2628942 0.01547396 0.9647007 0.7272502	0 0 0 1	
-0.9633461 0.04783566 -0.2639623 -0.3006931	0.04985372 0.9987561 -0.0009479509 1.195685	-0.2635885 0.0140727 0.9645326 0.7259749	0 0 0 1	
-0.9637933 0.04794276 -0.2623059 -0.2993616	0.04960209 0.998769 0.0002957908 1.196634	-0.2619972 0.01272584 0.9649849 0.7247375	0 0 0 1	
-0.9642973 0.04861154 -0.2603224 -0.2970464	0.05000116 0.9987483 0.001285796 1.19744	-0.2600591 0.01177653 0.9655209 0.724139	0 0 0 1	
-0.9645998 0.04978278 -0.2589769 -0.2945323	0.05094291 0.9986991 0.002233804 1.198255	-0.2587512 0.01103831 0.965881 0.7235793	0 0 0 1	
-0.9646376 0.05052594 -0.2586921 -0.2933633	0.05152095 0.9986676 0.00293622 1.198849	-0.2584958 0.01049567 0.9659555 0.7228954	0 0 0 1	
-0.9645147 0.05054719 -0.2591459 -0.2936937	0.05145865 0.9986697 0.003269715 1.199106	-0.2589664 0.01018161 0.9658328 0.7222523	0 0 0 1	
-0.9642819 0.05007697 -0.260101 -0.2950772	0.05097144 0.9986947 0.003309308 1.199466	-0.2599272 0.01006661 0.9655757 0.7217135	0 0 0 1	
-0.9642097 0.04974351 -0.2604329 -0.2957934	0.05076161 0.9987068 0.002819684 1.199078	-0.2602364 0.01050123 0.9654878 0.7221271	0 0 0 1	
-0.9641491 0.04982192 -0.2606424 -0.2958753	0.05107798 0.9986928 0.001956725 1.198444	-0.2603992 0.01142652 0.9654335 0.7232328	0 0 0 1	
-0.9641525 0.05031098 -0.260536 -0.2951789	0.0519236 0.9986508 0.0006941073 1.197544	-0.2602195 0.01285874 0.965464 0.7251199	0 0 0 1	
-0.9642552 0.05091577 -0.2600376 -0.294042	0.05298301 0.998595 -0.0009418516 1.196369	-0.2596243 0.01468576 0.9655981 0.7276677	0 0 0 1	
-0.9643124 0.051704 -0.2596693 -0.2927566	0.05427216 0.9985225 -0.00272547 1.195086	-0.2591448 0.01672102 0.9656937 0.7304332	0 0 0 1	
-0.9643024 0.05227299 -0.259593 -0.2920492	0.05474738 0.9984975 -0.002305794 1.194725	-0.2590824 0.01643552 0.9657154 0.7297394	0 0 0 1	
-0.9642887 0.05167608 -0.2597634 -0.2929784	0.0538603 0.9985477 -0.00129293 1.195437	-0.2593194 0.01523769 0.9656715 0.7280245	0 0 0 1	
-0.9642491 0.05097392 -0.2600484 -0.2941351	0.05301033 0.9985936 -0.00081881 1.195727	-0.259641 0.01457479 0.9655952 0.7269729	0 0 0 1	
-0.9642571 0.05084096 -0.2600454 -0.294326	0.0528357 0.998603 -0.0006816341 1.195809	-0.2596475 0.01439695 0.9655962 0.7266641	0 0 0 1	
-0.9643314 0.05130138 -0.2596794 -0.2934636	0.05337854 0.9985739 -0.0009487732 1.195637	-0.2592604 0.01477624 0.9656945 0.7272177	0 0 0 1	
-0.9643972 0.05189794 -0.2593157 -0.2924215	0.05425072 0.9985255 -0.001919733 1.194944	-0.2588338 0.01591945 0.9657906 0.7287786	0 0 0 1	
-0.9644015 0.05179339 -0.2593213 -0.2922873	0.05427582 0.9985231 -0.002416994 1.194501	-0.2588131 0.01640583 0.9657882 0.7278489	0 0 0 1	
-0.9644204 0.05161216 -0.2592862 -0.2925166	0.0538855 0.9985458 -0.001662938 1.195063	-0.2588233 0.01557554 0.9657991 0.7266365	0 0 0 1	
-0.9644274 0.05164797 -0.2592534 -0.2924601	0.05393529 0.998543 -0.001712425 1.195027	-0.2587872 0.01563442 0.9658078 0.7265919	0 0 0 1	
-0.9643991 0.05181718 -0.2593251 -0.2923026	0.05421119 0.9985273 -0.002083677 1.194757	-0.2588352 0.01606781 0.9657879 0.7270029	0 0 0 1	
-0.9644375 0.05184954 -0.2591759 -0.2921655	0.05415564 0.998531 -0.001760764 1.195001	-0.2587039 0.01573398 0.9658287 0.7264749	0 0 0 1	
-0.96442 0.05179649 -0.2592527 -0.2923075	0.05414522 0.9985312 -0.001922055 1.19487	-0.2587724 0.01589096 0.9658079 0.726511	0 0 0 1	
-0.9643196 0.05168629 -0.2596464 -0.2927052	0.05410113 0.9985331 -0.002157954 1.194574	-0.259154 0.01612812 0.9657013 0.7257261	0 0 0 1	
-0.9641184 0.05169985 -0.2603904 -0.2932357	0.05409104 0.998534 -0.002020451 1.194697	-0.2599042 0.01603274 0.9655014 0.7252405	0 0 0 1	
-0.9640689 0.05140843 -0.2606312 -0.2938035	0.05374186 0.9985532 -0.001829388 1.194835	-0.2601601 0.01577046 0.9654368 0.7247107	0 0 0 1	
-0.96408 0.05099568 -0.260671 -0.2943856	0.053146 0.9985861 -0.001202356 1.195289	-0.2602411 0.01501279 0.9654269 0.7235924	0 0 0 1	
-0.9639776 0.05067664 -0.261112 -0.2951368	0.05247207 0.9986224 9.551039E-05 1.19625	-0.2607571 0.01360902 0.9653087 0.7214709	0 0 0 1	
-0.9634968 0.05026775 -0.2629595 -0.2970326	0.0516954 0.9986618 0.001491298 1.197275	-0.2626826 0.01215693 0.964806 0.7187664	0 0 0 1	
-0.9628701 0.04973052 -0.2653452 -0.2997214	0.05101467 0.9986958 0.002054535 1.197196	-0.2651013 0.01155825 0.9641514 0.717476	0 0 0 1	
-0.9627937 0.04966187 -0.2656354 -0.3000246	0.050964 0.9986985 0.001993077 1.197153	-0.2653886 0.01161892 0.9640716 0.7174558	0 0 0 1	
-0.9627843 0.04968388 -0.2656659 -0.3000186	0.05132103 0.9986819 0.0007803771 1.196257	-0.2653546 0.01288292 0.9640651 0.7191249	0 0 0 1	
-0.9628531 0.04974447 -0.2654054 -0.299749	0.05193947 0.9986494 -0.001253844 1.194745	-0.2649846 0.01499228 0.9641364 0.7220144	0 0 0 1	
-0.9629236 0.05015067 -0.2650722 -0.2989672	0.05294912 0.9985914 -0.003417667 1.193154	-0.2645274 0.01732629 0.9642227 0.7252163	0 0 0 1	
-0.9629766 0.05049749 -0.2648135 -0.2983191	0.05310535 0.9985853 -0.002693042 1.193732	-0.2643028 0.01665635 0.9642959 0.724435	0 0 0 1	
-0.9628582 0.05076125 -0.2651943 -0.2984777	0.05350027 0.998563 -0.00311037 1.192887	-0.2646554 0.01718281 0.9641904 0.7231915	0 0 0 1	
-0.9628248 0.05051542 -0.2653613 -0.2989208	0.05332686 0.9985713 -0.003395992 1.192644	-0.2648106 0.01742063 0.964143 0.7234492	0 0 0 1	
-0.9628255 0.05034393 -0.2653908 -0.2991685	0.05315644 0.9985803 -0.003421096 1.192606	-0.2648417 0.01740115 0.9641348 0.7234128	0 0 0 1	
-0.9628769 0.05059457 -0.2651576 -0.2986663	0.05339545 0.9985678 -0.00336077 1.192664	-0.2646078 0.01739421 0.9641994 0.7234889	0 0 0 1	
-0.9629562 0.05121892 -0.2647493 -0.2975434	0.05392908 0.9985403 -0.002973316 1.192999	-0.2642106 0.01714086 0.9643128 0.7233022	0 0 0 1	
-0.9629523 0.05132043 -0.2647443 -0.2974053	0.05402976 0.9985349 -0.002956906 1.193012	-0.2642047 0.01715143 0.9643143 0.7233157	0 0 0 1	
-0.9628494 0.05092904 -0.265193 -0.2986071	0.05370741 0.9985515 -0.003231128 1.192465	-0.2646443 0.01735391 0.9641899 0.7219217	0 0 0 1	
-0.9628494 0.05087451 -0.265204 -0.2987019	0.05367133 0.9985532 -0.003304962 1.192401	-0.2646522 0.01741603 0.9641868 0.7219548	0 0 0 1	
-0.9628639 0.05104489 -0.265118 -0.2984288	0.05383316 0.9985446 -0.003256666 1.192446	-0.2645659 0.01740786 0.9642105 0.7219267	0 0 0 1	
-0.9628893 0.05116152 -0.2650039 -0.2982065	0.05395009 0.9985384 -0.003249802 1.192453	-0.2644503 0.01742618 0.964242 0.7219382	0 0 0 1	
-0.9628943 0.05100422 -0.2650162 -0.2984397	0.05380434 0.998546 -0.0033123 1.192387	-0.2644619 0.01744841 0.9642385 0.7219064	0 0 0 1	
-0.9628659 0.05058395 -0.2651988 -0.2991465	0.05344171 0.9985646 -0.00356661 1.192155	-0.2646378 0.01760685 0.9641871 0.7219886	0 0 0 1	
-0.9627843 0.05052307 -0.2655066 -0.2996669	0.0534947 0.9985602 -0.003967985 1.19169	-0.2649239 0.01802351 0.9641008 0.7213841	0 0 0 1	
-0.9627771 0.05059648 -0.2655186 -0.2995834	0.05354589 0.9985579 -0.003876395 1.19177	-0.2649395 0.01794953 0.964098 0.7212522	0 0 0 1	
-0.9627625 0.05064808 -0.2655619 -0.2995539	0.05358711 0.9985558 -0.003828585 1.191814	-0.2649845 0.01791671 0.9640862 0.721162	0 0 0 1	
-0.9627523 0.05040707 -0.2656449 -0.2999418	0.05337453 0.9985667 -0.003958751 1.1917	-0.2650646 0.01798997 0.9640629 0.7211932	0 0 0 1	
-0.9627494 0.05046866 -0.2656444 -0.2998704	0.05341879 0.9985646 -0.003887412 1.191762	-0.2650669 0.017933 0.9640634 0.7210823	0 0 0 1	
-0.9627647 0.05089827 -0.2655059 -0.2992116	0.05378612 0.9985459 -0.003612436 1.192008	-0.2649359 0.01775846 0.9641025 0.7208652	0 0 0 1	
-0.9626955 0.05120316 -0.2656985 -0.2991307	0.0541255 0.9985273 -0.003683178 1.191763	-0.2651186 0.01792684 0.9640491 0.7201396	0 0 0 1	
-0.9627118 0.05127682 -0.2656255 -0.29898	0.05418882 0.9985241 -0.003640726 1.191798	-0.2650468 0.0178989 0.9640695 0.7201037	0 0 0 1	
-0.9627225 0.05154395 -0.2655348 -0.2985611	0.0544299 0.9985114 -0.003516139 1.191909	-0.2649583 0.01783809 0.964095 0.720033	0 0 0 1	
-0.9627545 0.05177582 -0.2653738 -0.2981385	0.05459342 0.9985034 -0.00324722 1.192127	-0.2648085 0.01761394 0.9641402 0.7197716	0 0 0 1	
-0.9627601 0.0517999 -0.2653493 -0.2980907	0.05463984 0.9985006 -0.003326999 1.192067	-0.2647791 0.01770175 0.9641469 0.7198685	0 0 0 1	
-0.9627693 0.05166922 -0.2653414 -0.2982609	0.05450006 0.9985083 -0.003312061 1.192065	-0.2647744 0.01764987 0.964149 0.7197768	0 0 0 1	
-0.9627023 0.05138094 -0.2656397 -0.2992733	0.05427838 0.9985194 -0.003572721 1.191518	-0.2650628 0.01785796 0.9640658 0.7190602	0 0 0 1	
-0.962706 0.05147927 -0.2656077 -0.2991433	0.05436158 0.9985151 -0.003506586 1.191574	-0.2650328 0.01781466 0.964075 0.7190182	0 0 0 1	
-0.962716 0.05152354 -0.2655627 -0.2990757	0.05439273 0.9985136 -0.003456001 1.191615	-0.2649899 0.01777183 0.9640876 0.7189836	0 0 0 1	
-0.9627167 0.05148781 -0.2655666 -0.2991526	0.05435556 0.9985157 -0.003455307 1.191611	-0.2649945 0.0177615 0.9640863 0.7189701	0 0 0 1	
-0.9627264 0.05143516 -0.2655418 -0.2992305	0.05430784 0.9985182 -0.003482105 1.191583	-0.2649692 0.01777332 0.9640931 0.7189918	0 0 0 1	
-0.9627281 0.05145925 -0.2655306 -0.2992183	0.05432362 0.9985174 -0.003449392 1.191602	-0.2649595 0.01774541 0.9640963 0.7189578	0 0 0 1	
-0.9626403 0.05155553 -0.265831 -0.2994664	0.05445141 0.9985102 -0.003530021 1.191378	-0.265253 0.01787301 0.9640133 0.7183876	0 0 0 1	
-0.9626484 0.051535 -0.2658055 -0.2994751	0.05442912 0.9985114 -0.003528184 1.191368	-0.265228 0.01786396 0.9640204 0.7183868	0 0 0 1	
-0.9626565 0.05150563 -0.2657815 -0.2994961	0.05439356 0.9985134 -0.00351136 1.191369	-0.2652055 0.01783704 0.964027 0.7183607	0 0 0 1	
-0.9626613 0.05151575 -0.2657632 -0.2994705	0.05439904 0.9985132 -0.003494369 1.191374	-0.265188 0.01782115 0.9640323 0.7183461	0 0 0 1	
-0.9626718 0.05154006 -0.2657194 -0.2994097	0.05442138 0.998512 -0.003486974 1.191372	-0.2651442 0.01781762 0.9640441 0.7183536	0 0 0 1	
-0.9626814 0.05153101 -0.2656863 -0.2994012	0.05440751 0.9985127 -0.003472978 1.191372	-0.2651122 0.0177987 0.9640533 0.7183349	0 0 0 1	
-0.9626178 0.05162357 -0.2658993 -0.2997599	0.0545239 0.9985062 -0.003532197 1.191305	-0.2653197 0.01789802 0.9639945 0.7180061	0 0 0 1	
-0.9626207 0.0516132 -0.2658904 -0.2997695	0.05451122 0.9985069 -0.00352582 1.191307	-0.2653114 0.01788804 0.963997 0.7179947	0 0 0 1	
-0.9626281 0.0516087 -0.2658644 -0.2997597	0.05449829 0.9985077 -0.003497641 1.191325	-0.2652871 0.01785608 0.9640043 0.7179593	0 0 0 1	
-0.9626395 0.0515948 -0.2658256 -0.2997541	0.05447061 0.9985094 -0.003452119 1.191355	-0.2652513 0.01780283 0.9640149 0.7179036	0 0 0 1	
-0.9626462 0.05156322 -0.2658079 -0.2997891	0.05443288 0.9985115 -0.003435276 1.19136	-0.2652351 0.01777564 0.9640201 0.7178739	0 0 0 1	
-0.962647 0.05155496 -0.2658063 -0.2998066	0.0544246 0.998512 -0.00343644 1.191355	-0.2652336 0.01777448 0.9640204 0.7178674	0 0 0 1	
-0.9626498 0.05156024 -0.265795 -0.2997999	0.05442602 0.998512 -0.003422504 1.191362	-0.265223 0.01776084 0.9640236 0.7178482	0 0 0 1	
-0.9626516 0.05157429 -0.2657859 -0.2997842	0.05444072 0.9985111 -0.003423582 1.191358	-0.2652136 0.01776529 0.9640261 0.7178485	0 0 0 1	
-0.9626571 0.05157041 -0.2657664 -0.2997853	0.05443811 0.9985113 -0.003430104 1.191349	-0.2651938 0.01776983 0.9640313 0.7178534	0 0 0 1	
-0.9626669 0.05155899 -0.2657335 -0.2997873	0.05442111 0.9985123 -0.003413632 1.191357	-0.2651621 0.0177477 0.9640405 0.7178281	0 0 0 1	
-0.9626739 0.05156222 -0.2657079 -0.299776	0.05441808 0.9985124 -0.003392205 1.19137	-0.2651377 0.0177249 0.9640478 0.7177977	0 0 0 1	
-0.962677 0.05157158 -0.265694 -0.2997653	0.05442205 0.9985123 -0.003372278 1.191382	-0.2651248 0.01770603 0.9640515 0.7177655	0 0 0 1	
-0.9625081 0.05163263 -0.2662933 -0.3004399	0.05448439 0.998509 -0.003327216 1.191381	-0.2657245 0.0177113 0.9638863 0.7170119	0 0 0 1	
-0.9625106 0.05162859 -0.2662851 -0.3004406	0.05447197 0.9985099 -0.003297925 1.191406	-0.265718 0.01767936 0.9638886 0.7169664	0 0 0 1	
-0.9625127 0.05162445 -0.2662782 -0.3004435	0.05446624 0.9985102 -0.00329321 1.191412	-0.2657115 0.01767293 0.9638906 0.7169493	0 0 0 1	
-0.9625156 0.05162112 -0.2662691 -0.3004443	0.05445752 0.9985107 -0.003274733 1.191428	-0.2657035 0.01765233 0.9638933 0.7169148	0 0 0 1	
-0.9625208 0.05161776 -0.2662511 -0.3004423	0.05445774 0.9985107 -0.00328944 1.191417	-0.2656848 0.01766559 0.9638983 0.7169253	0 0 0 1	
-0.9625304 0.05162017 -0.2662153 -0.3004212	0.05445447 0.9985109 -0.003270957 1.191432	-0.26565 0.01764501 0.9639081 0.7168977	0 0 0 1	
-0.9624031 0.05147581 -0.2667034 -0.3013451	0.0543613 0.9985154 -0.003442374 1.191174	-0.2661303 0.0178113 0.9637725 0.7164484	0 0 0 1	
-0.9624146 0.05147186 -0.2666623 -0.3013273	0.05434569 0.9985164 -0.003403499 1.191202	-0.2660915 0.01776752 0.9637841 0.7163993	0 0 0 1	
-0.9624212 0.05147228 -0.2666387 -0.3013178	0.05434434 0.9985164 -0.003398712 1.191203	-0.2660682 0.0177613 0.9637905 0.7163906	0 0 0 1	
-0.9624263 0.05146786 -0.2666217 -0.3013201	0.05433674 0.9985169 -0.003388949 1.191207	-0.2660519 0.01774896 0.9637954 0.716372	0 0 0 1	
-0.9624311 0.05146216 -0.2666049 -0.3013248	0.0543271 0.9985175 -0.003376618 1.191211	-0.2660359 0.01773364 0.9638001 0.7163474	0 0 0 1	
-0.9624336 0.05147634 -0.2665934 -0.3013082	0.05433289 0.9985173 -0.003345054 1.19123	-0.2660259 0.01770418 0.9638033 0.7163013	0 0 0 1	
-0.9624355 0.05148881 -0.2665835 -0.3012955	0.05434148 0.9985169 -0.003329995 1.191236	-0.2660167 0.01769145 0.963806 0.7162761	0 0 0 1	
-0.9624387 0.05147511 -0.2665747 -0.3013166	0.05432542 0.9985178 -0.003323915 1.191232	-0.2660084 0.01768085 0.9638085 0.7162522	0 0 0 1	
-0.962438 0.05148188 -0.2665769 -0.3013204	0.05433523 0.9985172 -0.003333864 1.191218	-0.26601 0.01769315 0.9638081 0.7162496	0 0 0 1	
-0.9624441 0.05147987 -0.2665543 -0.3013177	0.05433297 0.9985173 -0.003334803 1.19121	-0.2659874 0.01769225 0.9638141 0.7162384	0 0 0 1	
-0.9624482 0.05149165 -0.2665377 -0.3013017	0.05434231 0.9985168 -0.003325493 1.191212	-0.2659712 0.01768489 0.9638189 0.7162162	0 0 0 1	
-0.9624481 0.05150053 -0.2665361 -0.3013011	0.0543489 0.9985165 -0.003316127 1.191213	-0.2659699 0.01767755 0.9638194 0.7161885	0 0 0 1	
-0.9624509 0.05149983 -0.2665262 -0.301307	0.05435187 0.9985163 -0.003330186 1.191195	-0.2659593 0.01769134 0.963822 0.7161883	0 0 0 1	
-0.9624521 0.05147628 -0.2665263 -0.3013483	0.05432682 0.9985176 -0.003327913 1.191185	-0.26596 0.01768249 0.9638219 0.7161552	0 0 0 1	
-0.9624571 0.0514634 -0.2665117 -0.3013653	0.05431 0.9985186 -0.003316418 1.191184	-0.2659462 0.01766616 0.9638262 0.7161167	0 0 0 1	
-0.9624593 0.0514599 -0.2665035 -0.3013757	0.05429808 0.9985194 -0.003286972 1.1912	-0.2659398 0.01763421 0.9638284 0.7160525	0 0 0 1	
-0.962464 0.05146053 -0.2664868 -0.3013759	0.05429094 0.9985198 -0.003259882 1.191214	-0.2659246 0.01760534 0.9638332 0.7159947	0 0 0 1	
-0.9624603 0.05146211 -0.2664988 -0.3013971	0.05429038 0.9985199 -0.003251048 1.191216	-0.2659371 0.01759733 0.9638298 0.71595	0 0 0 1	
-0.9623051 0.05151525 -0.267049 -0.3021073	0.0543745 0.9985151 -0.003318143 1.191101	-0.2664815 0.01771373 0.9636773 0.7154003	0 0 0 1	
-0.9623027 0.05150853 -0.2670595 -0.3021361	0.0543679 0.9985154 -0.003318751 1.191096	-0.2664921 0.01771311 0.9636745 0.7153535	0 0 0 1	
-0.9623015 0.05149732 -0.2670656 -0.3021685	0.05435146 0.9985164 -0.003300961 1.191102	-0.2664994 0.01769193 0.9636728 0.7152802	0 0 0 1	
-0.962303 0.05150275 -0.2670595 -0.302173	0.05435381 0.9985163 -0.00328945 1.191105	-0.2664939 0.01768115 0.9636747 0.7152244	0 0 0 1	
-0.962307 0.0515051 -0.267044 -0.3021755	0.05435599 0.9985162 -0.003289586 1.191097	-0.2664784 0.01768103 0.9636787 0.7151834	0 0 0 1	
-0.962307 0.05150991 -0.2670433 -0.3021874	0.05436002 0.998516 -0.003286215 1.191092	-0.2664777 0.01767883 0.963679 0.7151328	0 0 0 1	
-0.9622049 0.05162848 -0.2673879 -0.3022815	0.05451778 0.9985071 -0.003387859 1.191015	-0.2668138 0.01783721 0.9635831 0.7152881	0 0 0 1	
-0.9622147 0.05162279 -0.2673548 -0.3022549	0.05450723 0.9985077 -0.003373366 1.191023	-0.2667817 0.01781867 0.9635926 0.7152569	0 0 0 1	
-0.9622259 0.05160812 -0.2673161 -0.3022357	0.05448912 0.9985087 -0.00336566 1.191025	-0.2667437 0.01780435 0.963603 0.7152324	0 0 0 1	
-0.9622287 0.05160437 -0.2673074 -0.3022262	0.05448303 0.998509 -0.003358286 1.191028	-0.2667356 0.01779515 0.9636056 0.7152038	0 0 0 1	
-0.9622356 0.05160895 -0.2672824 -0.3021947	0.05447755 0.9985095 -0.003323045 1.19105	-0.2667125 0.01775844 0.9636129 0.7151453	0 0 0 1	
-0.9622381 0.05159913 -0.2672743 -0.302194	0.05446538 0.9985102 -0.003316444 1.191051	-0.2667049 0.0177484 0.9636148 0.7151114	0 0 0 1	
-0.9621567 0.0515366 -0.2675795 -0.3028623	0.05444073 0.9985111 -0.003440624 1.190961	-0.2670038 0.01787764 0.9635297 0.7153114	0 0 0 1	
-0.9621611 0.05153128 -0.2675644 -0.3028591	0.05442852 0.9985118 -0.00341752 1.190981	-0.2669902 0.01785134 0.9635339 0.715285	0 0 0 1	
-0.9621654 0.0515295 -0.2675496 -0.302852	0.05441608 0.9985126 -0.003380331 1.191012	-0.2669774 0.01781144 0.9635383 0.7152417	0 0 0 1	
-0.9621731 0.05150589 -0.2675263 -0.3028656	0.0543847 0.9985144 -0.003357103 1.191029	-0.2669559 0.01777945 0.9635448 0.7152102	0 0 0 1	
-0.9621772 0.05150719 -0.2675114 -0.3028537	0.05438131 0.9985147 -0.003341048 1.191043	-0.266942 0.0177623 0.963549 0.7151945	0 0 0 1	
-0.9621772 0.05151685 -0.2675096 -0.3028401	0.05438491 0.9985145 -0.00331799 1.191061	-0.2669412 0.01774098 0.9635496 0.7151661	0 0 0 1	
-0.9620836 0.0515921 -0.2678318 -0.3033114	0.05450127 0.9985078 -0.003433672 1.190905	-0.267255 0.01790065 0.9634597 0.7149951	0 0 0 1	
-0.9620903 0.05158811 -0.267808 -0.3032977	0.05449552 0.9985081 -0.003429533 1.190907	-0.2672316 0.01789386 0.9634663 0.7149891	0 0 0 1	
-0.9621027 0.05158212 -0.2677643 -0.3032732	0.05448531 0.9985087 -0.003418169 1.190917	-0.2671887 0.01787785 0.9634783 0.7149759	0 0 0 1	
-0.9621059 0.0515817 -0.2677531 -0.3032674	0.05448252 0.9985089 -0.003410464 1.190926	-0.2671779 0.01786909 0.9634815 0.7149581	0 0 0 1	
-0.9621112 0.05160382 -0.2677292 -0.3032256	0.05449913 0.9985081 -0.003389245 1.190946	-0.2671548 0.01785184 0.9634882 0.7149337	0 0 0 1	
-0.9621131 0.05159839 -0.2677244 -0.3032331	0.0544914 0.9985085 -0.003382016 1.190953	-0.2671506 0.01784255 0.9634898 0.7149089	0 0 0 1	
-0.9621123 0.05158862 -0.267729 -0.3032527	0.05448019 0.9985091 -0.003377798 1.190957	-0.2671556 0.01783575 0.9634885 0.7148834	0 0 0 1	
-0.9621191 0.05158394 -0.2677057 -0.303246	0.05447073 0.9985097 -0.00336287 1.190968	-0.2671333 0.01781761 0.963495 0.7148522	0 0 0 1	
-0.9621186 0.05158409 -0.267707 -0.3032526	0.05447165 0.9985096 -0.00336552 1.190965	-0.2671345 0.01782047 0.9634945 0.7148347	0 0 0 1	
-0.9621251 0.05156766 -0.2676868 -0.3032662	0.05444747 0.9985111 -0.00334122 1.19098	-0.2671159 0.01778954 0.9635003 0.7147803	0 0 0 1	
-0.9621279 0.05155231 -0.2676802 -0.3032885	0.05442979 0.998512 -0.003335353 1.190983	-0.2671099 0.01777881 0.9635022 0.7147459	0 0 0 1	
-0.962132 0.0515376 -0.2676678 -0.3033057	0.05441041 0.9985131 -0.003321393 1.190992	-0.2670986 0.01775953 0.9635056 0.714703	0 0 0 1	
-0.962045 0.05150048 -0.2679878 -0.3038714	0.05443518 0.9985111 -0.003527359 1.190776	-0.2674071 0.01798144 0.9634161 0.7146354	0 0 0 1	
-0.9620521 0.05148545 -0.2679648 -0.3038793	0.05441397 0.9985123 -0.00350871 1.190788	-0.2673855 0.01795659 0.9634223 0.7145921	0 0 0 1	
-0.9620562 0.05149903 -0.267948 -0.3038563	0.0544281 0.9985116 -0.003510025 1.190787	-0.2673684 0.01796074 0.9634271 0.714582	0 0 0 1	
-0.962064 0.05148016 -0.2679233 -0.3038692	0.05440524 0.9985128 -0.003499953 1.19079	-0.2673447 0.01794361 0.963434 0.7145433	0 0 0 1	
-0.9620695 0.05145622 -0.2679083 -0.3038959	0.05437519 0.9985145 -0.003482219 1.190799	-0.2673312 0.0179177 0.9634383 0.7144887	0 0 0 1	
-0.9620788 0.05145453 -0.2678745 -0.3038809	0.05437162 0.9985147 -0.00347808 1.1908	-0.2672977 0.01791096 0.9634476 0.7144639	0 0 0 1	
-0.9620945 0.0514418 -0.2678209 -0.3038676	0.05435383 0.9985157 -0.003465277 1.190808	-0.2672451 0.01789102 0.9634626 0.7144287	0 0 0 1	
-0.9620962 0.05144462 -0.267814 -0.30387	0.05435658 0.9985156 -0.003465094 1.190807	-0.2672383 0.01789121 0.9634644 0.7143995	0 0 0 1	
-0.9620981 0.05143902 -0.267809 -0.3038855	0.05434345 0.9985164 -0.003439085 1.190825	-0.2672348 0.0178624 0.9634662 0.7143299	0 0 0 1	
-0.9620991 0.05143978 -0.2678047 -0.3038945	0.05434491 0.9985163 -0.003441802 1.190824	-0.2672303 0.01786518 0.9634671 0.7142976	0 0 0 1	
-0.9621052 0.05144329 -0.2677821 -0.3038872	0.05435042 0.998516 -0.003450071 1.190817	-0.2672072 0.0178734 0.9634733 0.7142768	0 0 0 1	
-0.9621093 0.0514488 -0.267766 -0.3038836	0.05435275 0.9985158 -0.003439017 1.190826	-0.2671916 0.01786253 0.9634778 0.7142276	0 0 0 1	
-0.9621164 0.05145087 -0.2677404 -0.3038794	0.05435529 0.9985157 -0.003442184 1.190823	-0.2671659 0.01786489 0.963485 0.7141973	0 0 0 1	
-0.9621184 0.05144636 -0.2677338 -0.3038989	0.05434772 0.9985161 -0.00343221 1.190829	-0.2671599 0.01785291 0.9634868 0.7141394	0 0 0 1	
-0.9621221 0.05144499 -0.2677218 -0.3039108	0.05434696 0.9985162 -0.003435446 1.190825	-0.2671478 0.01785519 0.9634904 0.7140998	0 0 0 1	
-0.9621303 0.0514311 -0.2676944 -0.3039276	0.05432902 0.9985172 -0.003424656 1.190831	-0.2671213 0.01783854 0.9634979 0.7140398	0 0 0 1	
-0.9621373 0.05141585 -0.2676719 -0.3039491	0.05431128 0.9985182 -0.003419293 1.190834	-0.2670995 0.01782743 0.9635041 0.7139834	0 0 0 1	
-0.9621377 0.05140623 -0.2676736 -0.3039809	0.05430543 0.9985185 -0.003434065 1.190823	-0.2671005 0.01784017 0.9635038 0.7139458	0 0 0 1	
-0.9620361 0.05141858 -0.2680343 -0.304507	0.05434119 0.9985163 -0.003491691 1.190707	-0.2674571 0.01792444 0.963403 0.7135995	0 0 0 1	
-0.9620435 0.05140373 -0.2680112 -0.3045247	0.05432085 0.9985175 -0.003475618 1.190725	-0.2674351 0.01790229 0.9634097 0.7135249	0 0 0 1	
-0.9620495 0.05138974 -0.2679922 -0.3045451	0.05430293 0.9985185 -0.003464648 1.190739	-0.2674171 0.01788592 0.9634149 0.7134541	0 0 0 1	
-0.9620551 0.05139405 -0.2679714 -0.3045422	0.05429878 0.9985188 -0.003435046 1.190768	-0.2673979 0.01785522 0.9634209 0.7133613	0 0 0 1	
-0.9620646 0.05138018 -0.2679404 -0.3045561	0.05428082 0.9985198 -0.003424361 1.190784	-0.2673678 0.01783848 0.9634296 0.7132875	0 0 0 1	
-0.9620659 0.05138581 -0.2679344 -0.3045651	0.05428188 0.9985198 -0.003407552 1.190806	-0.2673627 0.01782227 0.9634312 0.7132012	0 0 0 1	
-0.9619763 0.05140414 -0.2682525 -0.3050187	0.05434847 0.9985157 -0.003556712 1.190577	-0.2676715 0.01800059 0.9633422 0.713598	0 0 0 1	
-0.9619794 0.05141607 -0.2682386 -0.3050115	0.05435432 0.9985155 -0.003534161 1.190599	-0.2676586 0.01797972 0.963346 0.7135378	0 0 0 1	
-0.9619784 0.05139463 -0.2682463 -0.3050629	0.05433371 0.9985166 -0.003539533 1.190596	-0.2676665 0.01797977 0.9633439 0.713494	0 0 0 1	
-0.9619802 0.05138953 -0.2682409 -0.3050865	0.05432558 0.998517 -0.003529711 1.190608	-0.2676617 0.01796786 0.9633454 0.7134385	0 0 0 1	
-0.9619914 0.05138459 -0.2682016 -0.3050869	0.05431203 0.9985179 -0.003502123 1.190632	-0.2676242 0.01793559 0.9633565 0.7133678	0 0 0 1	
-0.9619991 0.05138804 -0.2681736 -0.3050852	0.05430548 0.9985183 -0.0034676 1.190661	-0.2675981 0.01789912 0.9633644 0.7132851	0 0 0 1	
-0.961946 0.05132817 -0.2683752 -0.3056096	0.05427092 0.99852 -0.003552828 1.19054	-0.2677956 0.01798259 0.9633079 0.7127832	0 0 0 1	
-0.9619524 0.05132248 -0.2683531 -0.305627	0.05426349 0.9985203 -0.003548923 1.190538	-0.2677738 0.01797567 0.9633141 0.7127239	0 0 0 1	
-0.9619575 0.05130231 -0.2683397 -0.3056729	0.05424392 0.9985214 -0.003554745 1.190529	-0.2677606 0.01797531 0.963318 0.7126675	0 0 0 1	
-0.9619588 0.05130421 -0.2683344 -0.3056989	0.05424205 0.9985216 -0.003541299 1.190535	-0.267756 0.01796159 0.9633194 0.7125899	0 0 0 1	
-0.9619632 0.05128886 -0.2683212 -0.3057449	0.05421986 0.9985228 -0.003519728 1.190547	-0.2677443 0.01793418 0.9633231 0.7124957	0 0 0 1	
-0.961967 0.05127992 -0.2683093 -0.3057845	0.05421005 0.9985234 -0.003518622 1.190543	-0.2677327 0.01792986 0.9633263 0.7124261	0 0 0 1	
-0.9619663 0.05127031 -0.2683139 -0.3058369	0.05419527 0.9985242 -0.003501048 1.190551	-0.2677384 0.01790923 0.9633253 0.7123277	0 0 0 1	
-0.9619707 0.05125436 -0.2683017 -0.3058859	0.05417695 0.9985253 -0.00349554 1.190549	-0.2677269 0.01789837 0.9633288 0.7122442	0 0 0 1	
-0.9619746 0.0512414 -0.2682895 -0.3059321	0.05415564 0.9985265 -0.003468107 1.190565	-0.2677165 0.01786562 0.9633321 0.7121313	0 0 0 1	
-0.9619764 0.05123595 -0.2682847 -0.3059765	0.05414341 0.9985272 -0.003444743 1.190576	-0.2677131 0.01783961 0.9633337 0.7120217	0 0 0 1	
-0.9619809 0.05122111 -0.2682713 -0.3060277	0.05412617 0.9985282 -0.003439071 1.190574	-0.2677003 0.01782882 0.9633374 0.7119295	0 0 0 1	
-0.9619848 0.05120808 -0.2682593 -0.3060796	0.05411376 0.9985288 -0.003443901 1.190564	-0.2676883 0.0178295 0.9633405 0.7118507	0 0 0 1	
-0.9619019 0.05124817 -0.2685487 -0.3059716	0.05423556 0.9985213 -0.003712188 1.190133	-0.2679614 0.01813565 0.963259 0.7126188	0 0 0 1	
-0.9619012 0.05124166 -0.2685526 -0.3060032	0.05422764 0.9985217 -0.003707706 1.190126	-0.2679656 0.01812942 0.9632579 0.7125623	0 0 0 1	
-0.9618998 0.05124864 -0.268557 -0.3060186	0.05423393 0.9985214 -0.003703995 1.190119	-0.2679701 0.01812777 0.9632568 0.7125106	0 0 0 1	
-0.9619021 0.05124556 -0.2685487 -0.306038	0.0542271 0.9985218 -0.003691502 1.190118	-0.2679625 0.01811348 0.9632592 0.7124456	0 0 0 1	
-0.9619089 0.05123096 -0.2685271 -0.3060629	0.0542064 0.998523 -0.00367305 1.19012	-0.2679423 0.01808903 0.9632653 0.7123702	0 0 0 1	
-0.9619179 0.05122128 -0.2684964 -0.3060757	0.05419637 0.9985235 -0.003675279 1.190108	-0.2679118 0.01808685 0.9632736 0.7123246	0 0 0 1	
-0.9619257 0.05121078 -0.2684706 -0.3060938	0.05417823 0.9985246 -0.003651059 1.190115	-0.2678876 0.01805731 0.963281 0.7122397	0 0 0 1	
-0.9619246 0.05121407 -0.2684746 -0.3061199	0.05417493 0.9985249 -0.003626662 1.190122	-0.2678929 0.01803317 0.9632801 0.7121507	0 0 0 1	
-0.9619232 0.05121457 -0.2684793 -0.306152	0.05417328 0.998525 -0.003618499 1.190117	-0.267898 0.01802512 0.9632788 0.7120789	0 0 0 1	
-0.9619294 0.05122682 -0.2684548 -0.3061488	0.05417786 0.9985248 -0.003590984 1.190126	-0.2678749 0.01799858 0.9632858 0.711992	0 0 0 1	
-0.9619329 0.05122823 -0.2684422 -0.3061703	0.05417987 0.9985247 -0.003593823 1.190109	-0.267862 0.01800117 0.9632893 0.7119336	0 0 0 1	
-0.9619309 0.05122575 -0.2684492 -0.3062127	0.05417451 0.9985251 -0.003583312 1.190103	-0.2678697 0.01799 0.9632871 0.7118473	0 0 0 1	
-0.9618469 0.05128071 -0.2687405 -0.3060387	0.05430013 0.9985174 -0.003809285 1.189851	-0.2681467 0.01825659 0.9632055 0.7124915	0 0 0 1	
-0.9618528 0.05127518 -0.2687193 -0.3060491	0.05429363 0.9985178 -0.003808063 1.189834	-0.2681258 0.01825254 0.9632111 0.7124699	0 0 0 1	
-0.9618518 0.05128067 -0.2687224 -0.3060672	0.05429698 0.9985176 -0.003799413 1.189821	-0.2681292 0.01824528 0.9632103 0.7124327	0 0 0 1	
-0.9618545 0.05127521 -0.2687144 -0.3060925	0.05429143 0.9985179 -0.003800395 1.1898	-0.2681213 0.01824431 0.9632126 0.7124043	0 0 0 1	
-0.9618595 0.05128734 -0.2686931 -0.3060863	0.05429606 0.9985178 -0.003773285 1.189802	-0.2681013 0.01821835 0.9632185 0.7123467	0 0 0 1	
-0.9618684 0.05128077 -0.2686628 -0.3060976	0.05428405 0.9985185 -0.003756791 1.189793	-0.2680721 0.01819764 0.9632272 0.7122959	0 0 0 1	
-0.9617947 0.05140314 -0.2689025 -0.3061175	0.05445828 0.9985084 -0.003909313 1.189902	-0.2683004 0.01840393 0.9631594 0.7123439	0 0 0 1	
-0.9617963 0.05139783 -0.2688979 -0.3061345	0.05445149 0.9985088 -0.003905033 1.18991	-0.2682962 0.01839773 0.9631608 0.712326	0 0 0 1	
-0.9618003 0.05138841 -0.2688853 -0.3061514	0.05444335 0.9985092 -0.003911844 1.18991	-0.2682834 0.01840143 0.9631643 0.7123193	0 0 0 1	
-0.9618042 0.05138372 -0.2688728 -0.3061639	0.05443709 0.9985095 -0.003907708 1.189918	-0.2682713 0.0183951 0.9631678 0.7122958	0 0 0 1	
-0.9618102 0.05138736 -0.2688515 -0.3061599	0.05443474 0.9985098 -0.003887231 1.18994	-0.2682511 0.01837364 0.9631741 0.712255	0 0 0 1	
-0.961818 0.05139214 -0.2688219 -0.3061491	0.05443126 0.9985101 -0.003859044 1.189966	-0.268223 0.01834401 0.9631823 0.7122055	0 0 0 1	
-0.9617169 0.05154152 -0.2691545 -0.3063884	0.05466839 0.9984961 -0.004129636 1.189611	-0.2685369 0.01868578 0.9630882 0.7124329	0 0 0 1	
-0.9617205 0.05153409 -0.2691436 -0.3064012	0.0546517 0.9984971 -0.004098225 1.189638	-0.2685279 0.0186505 0.9630915 0.7123808	0 0 0 1	
-0.9617264 0.05153229 -0.2691225 -0.3064025	0.05465035 0.9984971 -0.00410162 1.18964	-0.2685067 0.01865228 0.9630972 0.7123799	0 0 0 1	
-0.9617312 0.05150827 -0.2691111 -0.3064395	0.05462056 0.9984988 -0.004085058 1.189655	-0.2684967 0.01862772 0.9631008 0.7123417	0 0 0 1	
-0.961738 0.05148533 -0.2690903 -0.3064685	0.05459739 0.9985 -0.00408882 1.189657	-0.2684762 0.018624 0.9631064 0.7123318	0 0 0 1	
-0.9617476 0.05145684 -0.2690606 -0.3064975	0.0545622 0.9985021 -0.004070839 1.189674	-0.2684481 0.01859566 0.9631146 0.7122901	0 0 0 1	
-0.9616767 0.051278 -0.269349 -0.3071256	0.05444417 0.9985076 -0.004292606 1.189326	-0.2687269 0.01879258 0.9630332 0.7123159	0 0 0 1	
-0.9616802 0.0512818 -0.2693363 -0.3071218	0.05444713 0.9985074 -0.004289974 1.189331	-0.2687144 0.01879017 0.9630369 0.7123083	0 0 0 1	
-0.9616843 0.05126935 -0.2693226 -0.3071386	0.05443313 0.9985082 -0.004287113 1.189336	-0.268701 0.01878292 0.9630405 0.7122932	0 0 0 1	
-0.9616845 0.05126985 -0.2693221 -0.3071496	0.05443153 0.9985083 -0.004279593 1.189346	-0.268701 0.01877523 0.9630407 0.7122719	0 0 0 1	
-0.9616891 0.05129064 -0.2693017 -0.3071209	0.05445069 0.9985073 -0.004272364 1.189357	-0.2686805 0.01877235 0.9630464 0.712265	0 0 0 1	
-0.9616923 0.05129645 -0.2692885 -0.3071163	0.05444939 0.9985075 -0.004247017 1.189379	-0.2686687 0.01874692 0.9630501 0.7122258	0 0 0 1	
-0.9616333 0.05143205 -0.2694746 -0.3071352	0.0546191 0.9984978 -0.004337125 1.189052	-0.2688468 0.01888918 0.9629979 0.7122894	0 0 0 1	
-0.9616373 0.05140935 -0.2694641 -0.3071493	0.05459559 0.9984992 -0.004338082 1.189043	-0.2688367 0.01888321 0.9630008 0.7122888	0 0 0 1	
-0.9616414 0.05138789 -0.2694544 -0.307163	0.05457194 0.9985004 -0.004333907 1.189038	-0.2688276 0.01887231 0.9630038 0.7122813	0 0 0 1	
-0.9616381 0.05138971 -0.2694647 -0.3071635	0.05457113 0.9985005 -0.004323448 1.18904	-0.2688385 0.01886258 0.9630005 0.7122669	0 0 0 1	
-0.9616433 0.05139128 -0.2694459 -0.3071448	0.0545697 0.9985006 -0.004313883 1.189042	-0.2688202 0.018852 0.9630059 0.7122607	0 0 0 1	
-0.9616436 0.05139849 -0.2694439 -0.3071311	0.05457135 0.9985006 -0.004293114 1.18905	-0.2688193 0.01883236 0.9630066 0.7122355	0 0 0 1	
-0.9616034 0.05141408 -0.2695836 -0.3074875	0.05458445 0.9985 -0.004271919 1.189018	-0.2689596 0.01882296 0.9629675 0.7119792	0 0 0 1	
-0.9616065 0.05140989 -0.2695734 -0.3074876	0.0545843 0.9984999 -0.004287698 1.189004	-0.2689486 0.01883756 0.9629703 0.7119933	0 0 0 1	
-0.9616029 0.05142792 -0.2695837 -0.3074763	0.05460037 0.9984991 -0.00427747 1.189012	-0.2689591 0.01883259 0.9629676 0.7119746	0 0 0 1	
-0.9616071 0.0514343 -0.2695678 -0.3074625	0.05459962 0.9984993 -0.004252201 1.18903	-0.2689445 0.01880724 0.9629723 0.7119388	0 0 0 1	
-0.961615 0.05142929 -0.2695404 -0.3074564	0.05458941 0.9984999 -0.004236264 1.189041	-0.2689182 0.0187877 0.9629799 0.7119138	0 0 0 1	
-0.9616193 0.05142957 -0.2695247 -0.3074523	0.05459367 0.9984996 -0.004251644 1.189031	-0.2689016 0.0188028 0.9629842 0.7119282	0 0 0 1	
-0.9616174 0.0514263 -0.2695326 -0.3074698	0.05459467 0.9984995 -0.004266785 1.189023	-0.2689087 0.01881805 0.9629819 0.7119336	0 0 0 1	
-0.9616191 0.05140384 -0.2695305 -0.3075055	0.05456314 0.9985013 -0.004237564 1.189043	-0.2689088 0.01878135 0.9629827 0.7118791	0 0 0 1	
-0.9616244 0.05138968 -0.2695141 -0.3075224	0.05454322 0.9985025 -0.004220028 1.189056	-0.2688937 0.01875825 0.9629872 0.7118473	0 0 0 1	
-0.9616324 0.0513662 -0.2694905 -0.3075489	0.05451946 0.9985037 -0.004223959 1.189052	-0.2688703 0.01875437 0.962994 0.7118419	0 0 0 1	
-0.9616303 0.05136783 -0.2694968 -0.3075652	0.05451557 0.998504 -0.004203544 1.189069	-0.2688778 0.01873403 0.9629922 0.7118033	0 0 0 1	
-0.9616324 0.0513775 -0.2694876 -0.3075613	0.05452583 0.9985035 -0.004204991 1.189072	-0.2688683 0.01873769 0.9629947 0.7117994	0 0 0 1	
-0.9616351 0.0513794 -0.2694773 -0.3075702	0.05452621 0.9985035 -0.004200031 1.189081	-0.2688582 0.01873247 0.9629976 0.7117837	0 0 0 1	
-0.9616408 0.05137392 -0.2694579 -0.3075836	0.0545219 0.9985037 -0.004206362 1.189081	-0.2688386 0.01873637 0.9630029 0.7117795	0 0 0 1	
-0.9616454 0.05135234 -0.269446 -0.3076232	0.05450716 0.9985044 -0.004234673 1.189063	-0.2688255 0.01875899 0.9630063 0.7117946	0 0 0 1	
-0.9616513 0.05134062 -0.2694268 -0.3076448	0.05449032 0.9985054 -0.004219363 1.189076	-0.2688075 0.01873871 0.9630116 0.7117572	0 0 0 1	
-0.9616525 0.05133461 -0.2694244 -0.3076709	0.05449195 0.9985052 -0.004247732 1.189058	-0.2688036 0.0187663 0.9630123 0.7117704	0 0 0 1	
-0.961657 0.051335 -0.2694078 -0.3076788	0.05448726 0.9985055 -0.004230697 1.189074	-0.268788 0.01874777 0.963017 0.7117289	0 0 0 1	
-0.9616578 0.05133482 -0.2694048 -0.307698	0.05448635 0.9985056 -0.00422831 1.189077	-0.2687852 0.01874508 0.9630177 0.7117009	0 0 0 1	
-0.9616598 0.0513123 -0.2694021 -0.307748	0.05446031 0.998507 -0.004218986 1.189084	-0.2687834 0.01872895 0.9630185 0.7116545	0 0 0 1	
-0.9616606 0.05132275 -0.2693974 -0.3077549	0.05447419 0.9985062 -0.00423019 1.189078	-0.2687778 0.01874321 0.96302 0.7116442	0 0 0 1	
-0.9616667 0.0513146 -0.2693782 -0.3077756	0.05446373 0.9985068 -0.004224382 1.189082	-0.2687592 0.01873378 0.9630255 0.7116097	0 0 0 1	
-0.9616724 0.05130062 -0.2693596 -0.3078048	0.05445022 0.9985075 -0.004229352 1.189078	-0.2687406 0.01873394 0.9630305 0.7115851	0 0 0 1	
-0.961679 0.0512848 -0.269339 -0.3078377	0.05443415 0.9985084 -0.004232136 1.189075	-0.2687201 0.01873119 0.9630362 0.7115548	0 0 0 1	
-0.9616878 0.05128568 -0.2693077 -0.307846	0.05442908 0.9985088 -0.004212925 1.18909	-0.26869 0.01870969 0.9630451 0.7115046	0 0 0 1	
-0.9616884 0.05127931 -0.269306 -0.3078856	0.05441779 0.9985094 -0.004196307 1.1891	-0.2686894 0.01869058 0.9630455 0.7114451	0 0 0 1	
-0.9616897 0.05127407 -0.2693025 -0.3079232	0.05441531 0.9985095 -0.004207156 1.18909	-0.2686855 0.01870016 0.9630464 0.7114214	0 0 0 1	
-0.9616923 0.05127268 -0.2692941 -0.3079528	0.05440682 0.9985101 -0.004182511 1.189106	-0.2686785 0.01867373 0.9630491 0.7113525	0 0 0 1	
-0.9616973 0.05126821 -0.2692762 -0.3079802	0.05439372 0.998511 -0.004153476 1.189125	-0.2686623 0.01864132 0.9630541 0.7112796	0 0 0 1	
-0.9616966 0.05125524 -0.2692814 -0.3080353	0.05438012 0.9985117 -0.004152583 1.189121	-0.2686678 0.01863708 0.9630526 0.7112337	0 0 0 1	
-0.9616961 0.05126686 -0.2692807 -0.3080544	0.05439173 0.998511 -0.004151008 1.189121	-0.268667 0.01863865 0.9630527 0.7111965	0 0 0 1	
-0.9616947 0.05126902 -0.269286 -0.3080924	0.05439395 0.998511 -0.004150558 1.189118	-0.2686722 0.0186391 0.9630514 0.7111533	0 0 0 1	
-0.9617021 0.05127396 -0.2692595 -0.308107	0.05439366 0.998511 -0.004133018 1.189127	-0.2686467 0.01862074 0.9630591 0.7110973	0 0 0 1	
-0.9617128 0.05128647 -0.2692182 -0.3081006	0.05440356 0.9985105 -0.004124953 1.18913	-0.2686056 0.01861345 0.9630705 0.7110593	0 0 0 1	
-0.9617181 0.05128076 -0.2692003 -0.3081352	0.05439834 0.9985108 -0.00412879 1.189121	-0.2685876 0.01861478 0.9630754 0.7110218	0 0 0 1	
-0.9617203 0.0512817 -0.2691919 -0.3081696	0.05439636 0.998511 -0.004118808 1.189123	-0.2685798 0.0186042 0.9630778 0.7109647	0 0 0 1	
-0.9617264 0.05127279 -0.269173 -0.3082104	0.05439216 0.9985111 -0.004138262 1.189101	-0.26856 0.01862077 0.9630833 0.7109432	0 0 0 1	
-0.9617312 0.0512853 -0.2691526 -0.3082244	0.05441075 0.99851 -0.004159825 1.18908	-0.2685382 0.01864543 0.9630886 0.7109335	0 0 0 1	
-0.9617358 0.05128465 -0.269136 -0.308259	0.05440709 0.9985102 -0.004150332 1.189081	-0.2685221 0.01863443 0.9630933 0.7108755	0 0 0 1	
-0.9617417 0.05127322 -0.2691171 -0.3083053	0.05439544 0.9985108 -0.004152459 1.189071	-0.2685034 0.01863233 0.9630985 0.7108279	0 0 0 1	
-0.9617443 0.05127633 -0.2691072 -0.308342	0.05439351 0.998511 -0.004134675 1.189077	-0.2684945 0.01861419 0.9631014 0.7107565	0 0 0 1	
-0.9617509 0.05125667 -0.2690877 -0.3084022	0.054368 0.9985124 -0.004117746 1.189079	-0.2684763 0.01859 0.963107 0.7106798	0 0 0 1	
-0.961754 0.0512457 -0.2690794 -0.3084586	0.05434917 0.9985136 -0.004091652 1.189092	-0.2684698 0.0185594 0.9631095 0.7105913	0 0 0 1	
-0.9617572 0.05123246 -0.2690693 -0.3085168	0.05433368 0.9985145 -0.004086159 1.189088	-0.2684603 0.01854942 0.9631121 0.710529	0 0 0 1	
-0.961758 0.05124839 -0.2690637 -0.3085421	0.05434105 0.9985142 -0.004053664 1.189108	-0.2684562 0.01851985 0.9631139 0.7104391	0 0 0 1	
-0.9617629 0.0512514 -0.2690453 -0.3085755	0.05433817 0.9985144 -0.004033433 1.189116	-0.2684388 0.01849863 0.963119 0.7103626	0 0 0 1	
-0.9617655 0.05125434 -0.2690353 -0.3086166	0.05433531 0.9985147 -0.004012922 1.189126	-0.2684301 0.01847761 0.9631219 0.7102808	0 0 0 1	
-0.9617708 0.05123278 -0.2690215 -0.3086874	0.05430718 0.9985163 -0.003993295 1.189134	-0.2684177 0.01845043 0.9631261 0.710191	0 0 0 1	
-0.9616207 0.05138605 -0.2695284 -0.3083826	0.05458203 0.9984997 -0.004371466 1.188696	-0.2688994 0.01891509 0.9629828 0.7118458	0 0 0 1	
-0.9616265 0.05136444 -0.2695113 -0.308401	0.05456296 0.9985007 -0.004384796 1.188678	-0.268882 0.01892187 0.9629873 0.7118697	0 0 0 1	
-0.9616238 0.05136469 -0.2695213 -0.3084106	0.05456264 0.9985007 -0.004382004 1.188676	-0.2688921 0.01891963 0.9629847 0.7118728	0 0 0 1	
-0.961623 0.05135789 -0.2695256 -0.3084263	0.05455176 0.9985014 -0.004368022 1.188679	-0.2688973 0.01890348 0.9629835 0.711861	0 0 0 1	
-0.9616166 0.05135214 -0.2695492 -0.3084544	0.0545463 0.9985017 -0.004368111 1.188673	-0.268921 0.01890336 0.9629769 0.7118615	0 0 0 1	
-0.9616191 0.05134249 -0.2695417 -0.3084657	0.05453724 0.9985021 -0.004372127 1.188664	-0.2689134 0.01890438 0.9629788 0.711875	0 0 0 1	
-0.9616318 0.05133712 -0.2694975 -0.3084462	0.05452859 0.9985027 -0.004364307 1.188663	-0.2688699 0.01889217 0.9629912 0.7118849	0 0 0 1	
-0.9616375 0.05132329 -0.2694795 -0.3084583	0.05451386 0.9985034 -0.004364272 1.188654	-0.2688522 0.01888721 0.9629962 0.711893	0 0 0 1	
-0.9616382 0.05133258 -0.2694752 -0.3084529	0.05451896 0.9985033 -0.004348303 1.188659	-0.2688486 0.018873 0.9629976 0.711884	0 0 0 1	
-0.9616396 0.05135226 -0.2694672 -0.3084334	0.05453025 0.9985028 -0.004316136 1.188676	-0.2688421 0.01884468 0.9630001 0.7118572	0 0 0 1	
-0.9616474 0.05134542 -0.2694404 -0.3084369	0.05452516 0.998503 -0.004325303 1.18866	-0.268815 0.0188507 0.9630075 0.71188	0 0 0 1	
-0.9616474 0.05135006 -0.2694398 -0.3084469	0.05452494 0.9985031 -0.004307333 1.188666	-0.2688153 0.01883332 0.9630078 0.7118635	0 0 0 1	
-0.9616535 0.05134343 -0.2694191 -0.3084583	0.05451738 0.9985035 -0.004306379 1.188658	-0.2687948 0.01882926 0.9630135 0.7118685	0 0 0 1	
-0.9616531 0.05135809 -0.2694172 -0.308457	0.05452369 0.9985033 -0.004274609 1.188675	-0.2687944 0.01880031 0.9630141 0.7118337	0 0 0 1	
-0.96166 0.05136069 -0.2693923 -0.308454	0.0545246 0.9985033 -0.004270015 1.188671	-0.2687697 0.01879481 0.963021 0.7118372	0 0 0 1	
-0.9616628 0.05136802 -0.2693811 -0.3084549	0.05453389 0.9985027 -0.004276802 1.18866	-0.268758 0.01880324 0.9630241 0.711853	0 0 0 1	
-0.9616649 0.05138828 -0.26937 -0.3084405	0.05455123 0.9985018 -0.004264398 1.188663	-0.2687473 0.01879539 0.9630275 0.7118477	0 0 0 1	
-0.9616656 0.05140642 -0.2693633 -0.3084325	0.05456511 0.9985012 -0.004247159 1.18867	-0.2687413 0.01878219 0.9630293 0.7118337	0 0 0 1	
-0.9616741 0.05139686 -0.2693348 -0.3084452	0.05455174 0.998502 -0.004236847 1.18867	-0.2687136 0.01876715 0.9630373 0.711826	0 0 0 1	
-0.9616801 0.05138288 -0.2693163 -0.3084726	0.05453057 0.9985032 -0.004214336 1.188677	-0.2686967 0.01873882 0.9630426 0.7117965	0 0 0 1	
-0.9616766 0.0513918 -0.269327 -0.3084943	0.05454031 0.9985027 -0.004215293 1.18867	-0.2687072 0.01874293 0.9630395 0.7117946	0 0 0 1	
-0.9616785 0.05140042 -0.2693181 -0.3085041	0.05455161 0.998502 -0.004224372 1.188658	-0.2686975 0.01875423 0.963042 0.7118089	0 0 0 1	
-0.9616795 0.05139286 -0.2693167 -0.3085414	0.05454264 0.9985025 -0.004220453 1.188657	-0.2686965 0.01874797 0.9630425 0.7117966	0 0 0 1	
-0.9616798 0.05139075 -0.2693166 -0.3085736	0.05453705 0.9985029 -0.004208245 1.188662	-0.2686972 0.01873472 0.9630427 0.7117751	0 0 0 1	
-0.9616836 0.05141263 -0.2692979 -0.3085622	0.0545594 0.9985017 -0.004208297 1.188661	-0.268678 0.01873978 0.9630477 0.7117811	0 0 0 1	
-0.9616847 0.0514072 -0.2692949 -0.3085981	0.05455603 0.9985018 -0.00421663 1.188649	-0.2686747 0.01874673 0.9630485 0.7117811	0 0 0 1	
-0.9616872 0.05139808 -0.269288 -0.3086371	0.05453984 0.9985028 -0.004193065 1.188665	-0.2686693 0.01871934 0.9630506 0.7117371	0 0 0 1	
-0.9616879 0.05140353 -0.2692846 -0.3086617	0.05454106 0.9985028 -0.004177376 1.188676	-0.2686667 0.0187044 0.9630517 0.7117056	0 0 0 1	
-0.9616961 0.05139799 -0.2692563 -0.3086825	0.05453797 0.9985029 -0.004189007 1.188667	-0.2686379 0.01871324 0.9630595 0.7117103	0 0 0 1	
-0.961696 0.05141299 -0.2692537 -0.3086976	0.05454946 0.9985023 -0.004174482 1.188679	-0.2686359 0.01870223 0.9630603 0.7116791	0 0 0 1	
-0.9616981 0.05143692 -0.2692418 -0.3086949	0.05457743 0.9985008 -0.004186597 1.188674	-0.2686228 0.01872077 0.9630635 0.7116886	0 0 0 1	
-0.9617002 0.05144903 -0.2692323 -0.3087091	0.05458523 0.9985004 -0.004170174 1.188687	-0.268614 0.01870656 0.9630663 0.7116529	0 0 0 1	
-0.9617022 0.05144428 -0.2692253 -0.3087484	0.054579 0.9985008 -0.004166012 1.18869	-0.2686073 0.01870051 0.9630682 0.7116241	0 0 0 1	
-0.961701 0.05143812 -0.2692313 -0.3088008	0.05457851 0.9985007 -0.004186746 1.188676	-0.2686123 0.01872064 0.9630666 0.7116247	0 0 0 1	
-0.9616991 0.05143148 -0.2692391 -0.308857	0.05457406 0.9985009 -0.004194938 1.188672	-0.2686198 0.01872774 0.9630642 0.7116081	0 0 0 1	
-0.9617027 0.05143743 -0.2692247 -0.3088814	0.05457705 0.9985008 -0.004184529 1.188683	-0.2686058 0.01871776 0.9630682 0.7115769	0 0 0 1	
-0.9615536 0.05162534 -0.2697217 -0.3082879	0.05485927 0.9984841 -0.004460265 1.18858	-0.2690825 0.01908552 0.9629281 0.7114541	0 0 0 1	
-0.9615515 0.051632 -0.2697274 -0.3082666	0.05486463 0.9984839 -0.004454302 1.188585	-0.2690885 0.01908153 0.9629265 0.7114521	0 0 0 1	
-0.9615548 0.05163657 -0.269715 -0.3082351	0.05486564 0.9984839 -0.004441845 1.188596	-0.2690766 0.01906916 0.96293 0.7114428	0 0 0 1	
-0.9615563 0.05163359 -0.2697103 -0.3082193	0.05485441 0.9984846 -0.004413061 1.188617	-0.2690738 0.01903821 0.9629315 0.7114077	0 0 0 1	
-0.9615576 0.05165527 -0.2697011 -0.3081681	0.05487118 0.9984838 -0.004393212 1.188635	-0.2690652 0.01902314 0.9629341 0.7113943	0 0 0 1	
-0.9615586 0.05166128 -0.2696966 -0.3081394	0.05487508 0.9984836 -0.004385163 1.188643	-0.2690611 0.01901621 0.9629353 0.7113894	0 0 0 1	
-0.9614716 0.05154749 -0.2700287 -0.30889	0.05480963 0.9984865 -0.004549231 1.188559	-0.2693855 0.01917413 0.9628416 0.7110617	0 0 0 1	
-0.9614735 0.05155155 -0.2700216 -0.308884	0.05481224 0.9984863 -0.00454405 1.188569	-0.2693786 0.01916947 0.9628438 0.7110638	0 0 0 1	
-0.9614767 0.0515337 -0.2700139 -0.3089042	0.05479499 0.9984872 -0.004549154 1.188568	-0.269371 0.01916931 0.9628459 0.7110705	0 0 0 1	
-0.9614793 0.05153253 -0.2700042 -0.3089024	0.05478963 0.9984876 -0.004535075 1.188583	-0.2693622 0.01915381 0.9628487 0.7110564	0 0 0 1	
-0.9614792 0.05153337 -0.2700041 -0.3089062	0.05479318 0.9984874 -0.004544649 1.188582	-0.2693615 0.01916397 0.9628485 0.7110703	0 0 0 1	
-0.96148 0.05152671 -0.270002 -0.3089187	0.05478446 0.9984879 -0.004538362 1.188591	-0.2693599 0.01915546 0.962849 0.7110645	0 0 0 1	
-0.9614578 0.05149402 -0.2700872 -0.3090247	0.05475824 0.9984893 -0.004559684 1.188518	-0.2694444 0.01917345 0.9628251 0.7106345	0 0 0 1	
-0.9614561 0.0514874 -0.2700951 -0.3090366	0.05474832 0.9984899 -0.004548266 1.188528	-0.269453 0.01916021 0.9628229 0.7106153	0 0 0 1	
-0.9614586 0.05148575 -0.2700869 -0.3090307	0.05474454 0.9984901 -0.004541473 1.188536	-0.2694453 0.01915222 0.9628254 0.7106096	0 0 0 1	
-0.9614581 0.05147082 -0.2700914 -0.3090519	0.05472424 0.9984913 -0.004524001 1.18855	-0.2694511 0.01913019 0.9628242 0.7105796	0 0 0 1	
-0.9614542 0.05145768 -0.270108 -0.3090796	0.05470315 0.9984925 -0.004496169 1.188573	-0.2694694 0.01909861 0.9628197 0.7105332	0 0 0 1	
-0.9614599 0.05143838 -0.2700908 -0.3090919	0.05468296 0.9984937 -0.004496904 1.188575	-0.2694527 0.01909296 0.9628243 0.7105322	0 0 0 1	
-0.9614582 0.05143939 -0.2700973 -0.3090951	0.0546786 0.998494 -0.004477095 1.188593	-0.2694602 0.01907308 0.9628229 0.7105048	0 0 0 1	
-0.9614642 0.05142519 -0.2700782 -0.3091012	0.05466212 0.9984949 -0.004472307 1.188598	-0.2694417 0.01906301 0.9628282 0.710499	0 0 0 1	
-0.9614654 0.0514111 -0.2700763 -0.309121	0.05464868 0.9984956 -0.00447674 1.188596	-0.2694398 0.01906355 0.9628285 0.7105018	0 0 0 1	
-0.9614687 0.0514206 -0.2700627 -0.3091024	0.05465801 0.9984951 -0.004475837 1.188601	-0.2694261 0.01906447 0.9628325 0.7105088	0 0 0 1	
-0.9614663 0.05141457 -0.2700727 -0.3091199	0.05465074 0.9984955 -0.004471494 1.188606	-0.2694364 0.01905886 0.9628296 0.7104978	0 0 0 1	
-0.9614705 0.05140913 -0.2700587 -0.30912	0.05464308 0.9984959 -0.004465343 1.188615	-0.2694229 0.01905013 0.9628336 0.7104934	0 0 0 1	
-0.9614769 0.05139243 -0.2700393 -0.3091324	0.05462137 0.9984972 -0.004451119 1.188628	-0.2694048 0.01902957 0.9628391 0.7104759	0 0 0 1	
-0.9614748 0.05140822 -0.2700434 -0.309123	0.0546331 0.9984967 -0.004434149 1.188647	-0.2694095 0.01901663 0.9628379 0.7104577	0 0 0 1	
-0.9614761 0.05141943 -0.2700361 -0.3091115	0.05464285 0.9984962 -0.004427928 1.188658	-0.2694023 0.01901289 0.96284 0.7104541	0 0 0 1	
-0.9614779 0.05143866 -0.2700269 -0.3090907	0.05465785 0.9984954 -0.004410855 1.188679	-0.2693937 0.01900003 0.9628427 0.7104419	0 0 0 1	
-0.9614778 0.05144203 -0.2700273 -0.3090972	0.05465779 0.9984955 -0.004398119 1.188697	-0.2693947 0.01898779 0.9628428 0.710426	0 0 0 1	
-0.961483 0.05143739 -0.2700081 -0.3091006	0.05465155 0.9984958 -0.004394415 1.188707	-0.269376 0.01898152 0.9628479 0.7104233	0 0 0 1	
-0.9614936 0.0514281 -0.2699726 -0.3090993	0.05463909 0.9984965 -0.004386927 1.188719	-0.2693411 0.01896906 0.9628581 0.7104203	0 0 0 1	
-0.9614934 0.05142643 -0.2699742 -0.3091157	0.05463193 0.998497 -0.004367435 1.188742	-0.2693438 0.01894847 0.9628578 0.7103938	0 0 0 1	
-0.9614927 0.05143999 -0.2699743 -0.3091117	0.05464481 0.9984963 -0.004363101 1.188754	-0.2693439 0.01894778 0.9628578 0.7103919	0 0 0 1	
-0.9614916 0.05144672 -0.2699762 -0.3091178	0.05465018 0.9984961 -0.004357193 1.188766	-0.269346 0.01894365 0.9628572 0.7103853	0 0 0 1	
-0.9614961 0.05146087 -0.269958 -0.3091006	0.0546648 0.9984952 -0.004358253 1.188774	-0.2693275 0.01894764 0.9628624 0.7103974	0 0 0 1	
-0.9614978 0.05148112 -0.2699482 -0.3090825	0.05468974 0.9984938 -0.004372981 1.188773	-0.2693165 0.01896801 0.962865 0.710426	0 0 0 1	
-0.9614065 0.05143637 -0.2702817 -0.3095376	0.05469892 0.9984925 -0.004547314 1.188692	-0.2696404 0.01915593 0.9627707 0.7101526	0 0 0 1	
-0.9614064 0.0514493 -0.2702797 -0.3095332	0.05470912 0.998492 -0.004535901 1.188705	-0.2696388 0.01914761 0.9627713 0.7101556	0 0 0 1	
-0.9614117 0.05144593 -0.2702606 -0.3095369	0.05470822 0.998492 -0.004546624 1.188698	-0.2696191 0.01915665 0.9627764 0.7101861	0 0 0 1	
-0.9614153 0.05143864 -0.2702493 -0.3095508	0.0547035 0.9984922 -0.004557644 1.188691	-0.2696075 0.01916537 0.9627795 0.7102134	0 0 0 1	
-0.9614167 0.05144374 -0.2702429 -0.3095543	0.05471055 0.9984918 -0.004564386 1.188689	-0.2696006 0.01917342 0.9627813 0.7102395	0 0 0 1	
-0.9614165 0.05143232 -0.270246 -0.3095852	0.05470323 0.9984922 -0.004580366 1.18868	-0.2696029 0.01918697 0.9627804 0.7102684	0 0 0 1	
-0.9613265 0.05148854 -0.2705562 -0.3095631	0.05482498 0.9984845 -0.004783405 1.188222	-0.2698999 0.01943165 0.9626925 0.7101433	0 0 0 1	
-0.9613284 0.05149302 -0.2705486 -0.3095427	0.05482936 0.9984843 -0.004783016 1.188213	-0.2698922 0.01943205 0.9626946 0.7101583	0 0 0 1	
-0.9613272 0.05149771 -0.2705512 -0.3095291	0.05483342 0.9984841 -0.004779918 1.188204	-0.2698949 0.01943031 0.9626937 0.7101662	0 0 0 1	
-0.9613332 0.05149973 -0.2705297 -0.3095004	0.05482718 0.9984846 -0.004751809 1.188214	-0.269875 0.01940045 0.9626999 0.7101476	0 0 0 1	
-0.9613403 0.05149538 -0.2705056 -0.3094761	0.05481854 0.9984851 -0.004738865 1.188211	-0.2698518 0.01938438 0.9627069 0.710147	0 0 0 1	
-0.9613383 0.05149431 -0.2705128 -0.3094688	0.05481955 0.998485 -0.004745932 1.188192	-0.2698585 0.01939183 0.9627048 0.710164	0 0 0 1	
-0.9613018 0.05137241 -0.2706648 -0.3100039	0.05470156 0.9984914 -0.004765342 1.188292	-0.2700116 0.01938672 0.9626616 0.7095757	0 0 0 1	
-0.9613049 0.05135883 -0.270657 -0.3100182	0.05468989 0.998492 -0.004774576 1.188284	-0.2700036 0.01939202 0.9626641 0.709582	0 0 0 1	
-0.9613088 0.05135777 -0.270643 -0.3100126	0.05468665 0.9984922 -0.004768014 1.188287	-0.2699901 0.0193841 0.9626679 0.7095729	0 0 0 1	
-0.9613087 0.05136738 -0.2706424 -0.3100035	0.05469358 0.9984918 -0.004757204 1.188295	-0.2699898 0.01937554 0.9626684 0.7095584	0 0 0 1	
-0.9613123 0.05138068 -0.2706265 -0.3099808	0.05469801 0.9984918 -0.004724889 1.188319	-0.2699756 0.01934483 0.9626728 0.709521	0 0 0 1	
-0.9613107 0.05138471 -0.2706324 -0.3099871	0.05470278 0.9984915 -0.004726546 1.188316	-0.2699812 0.01934802 0.9626715 0.709518	0 0 0 1	
-0.9612724 0.05139019 -0.2707669 -0.3101671	0.05470727 0.9984913 -0.004712237 1.18829	-0.2701162 0.01934266 0.9626335 0.7092053	0 0 0 1	
-0.9612745 0.05140329 -0.2707575 -0.3101484	0.05471958 0.9984906 -0.004708325 1.188293	-0.2701068 0.01934172 0.9626364 0.7092098	0 0 0 1	
-0.9612775 0.05138671 -0.2707491 -0.3101676	0.05470758 0.9984912 -0.004727552 1.188275	-0.2700976 0.01935651 0.9626384 0.7092339	0 0 0 1	
-0.9612803 0.05138583 -0.2707388 -0.3101654	0.05470522 0.9984914 -0.004723213 1.188277	-0.2700876 0.01935116 0.9626412 0.709235	0 0 0 1	
-0.9612867 0.05139679 -0.2707152 -0.3101397	0.05470987 0.9984912 -0.004700934 1.188295	-0.2700652 0.01932974 0.9626482 0.7092214	0 0 0 1	
-0.9612913 0.05137921 -0.2707011 -0.3101567	0.05469011 0.9984923 -0.004696616 1.188298	-0.2700516 0.01931949 0.962652 0.7092171	0 0 0 1	
-0.9612926 0.05137194 -0.2706987 -0.31017	0.05468749 0.9984924 -0.004714405 1.188287	-0.2700484 0.01933575 0.9626528 0.7092411	0 0 0 1	
-0.9612917 0.05136582 -0.270703 -0.3101883	0.05468477 0.9984925 -0.004727045 1.188279	-0.2700521 0.0193474 0.9626514 0.7092572	0 0 0 1	
-0.9612969 0.05133478 -0.2706901 -0.3102269	0.0546509 0.9984943 -0.004722177 1.188281	-0.2700401 0.01933287 0.9626551 0.7092468	0 0 0 1	
-0.9612944 0.05133865 -0.2706983 -0.3102374	0.05465688 0.998494 -0.004728551 1.188276	-0.2700479 0.01934105 0.9626527 0.7092561	0 0 0 1	
