-1.192093E-07 1 0 0	-1 -1.192093E-07 0 0	0 0 -1 0	0 0 0 1	
-0.002179623 -0.09715085 -0.9952674 0	0.5902546 0.8032727 -0.07970229 0	-0.8072144 0.5876348 -0.05559283 0	0 0 0 1	
-0.01823068 -0.09668034 -0.9951485 0	0.5880756 0.8039082 -0.08887428 0	-0.8086004 0.5868428 -0.04219955 0	0 0 0 1	
-0.01806188 -0.09671398 -0.9951485 0	0.5875112 0.8043255 -0.08883196 0	-0.8090146 0.5862652 -0.04229289 0	0 0 0 1	
-0.02092862 -0.09634589 -0.9951279 0	0.5864193 0.8049622 -0.09026754 0	-0.8097373 0.5854514 -0.03965235 0	0 0 0 1	
-0.02665627 -0.09554276 -0.9950685 0	0.5850587 0.8056378 -0.09302704 0	-0.8105529 0.5846531 -0.03442276 0	0 0 0 1	
-0.03304505 -0.09441935 -0.9949839 0	0.5831546 0.8066788 -0.09591761 0	-0.8116889 0.5833991 -0.02840424 0	0 0 0 1	
-0.03975463 -0.09296277 -0.9948756 0	0.5804585 0.8082833 -0.09872201 0	-0.8133188 0.5814087 -0.02182806 0	0 0 0 1	
-0.04888725 -0.09027858 -0.994716 0	0.5758949 0.8111455 -0.1019215 0	-0.8160609 0.5778345 -0.01233625 0	0 0 0 1	
-0.05636728 -0.08783598 -0.994539 0	0.5724016 0.8133165 -0.1042725 0	-0.8180339 0.5751531 -0.004432976 0	0 0 0 1	
-0.0735991 -0.08309865 -0.9938198 0	0.5678219 0.8157336 -0.110259 0	-0.8198545 0.5724276 0.01285207 0	0 0 0 1	
-0.09222448 -0.07418235 -0.9929711 0	0.5655519 0.8168579 -0.1135523 0	-0.81954 0.572049 0.03338039 0	0 0 0 1	
-0.1151851 -0.07072414 -0.9908231 0	0.5605383 0.8188509 -0.1236125 0	-0.8200788 0.5696326 0.05467582 0	0 0 0 1	
-0.1427933 -0.06595229 -0.9875529 0	0.555818 0.820245 -0.1351463 0	-0.8189485 0.5681975 0.08046806 0	0 0 0 1	
-0.1827782 -0.0564283 -0.9815335 0	0.5507716 0.8211091 -0.1497685 0	-0.8143972 0.5679752 0.1190017 0	0 0 0 1	
-0.2104059 -0.0465734 -0.9765043 0	0.5479558 0.8215937 -0.1572523 0	-0.8096135 0.5681679 0.147348 0	0 0 0 1	
-0.2360957 -0.03273398 -0.9711784 0	0.5469655 0.8215941 -0.1606607 0	-0.8031735 0.5691323 0.1760705 0	0 0 0 1	
-0.2730576 -0.009067059 -0.9619551 0	0.547206 0.8209598 -0.1630662 0	-0.7912051 0.570914 0.2192078 0	0 0 0 1	
-0.2945051 0.009032667 -0.9556073 0	0.5481255 0.8207214 -0.161167 0	-0.7828315 0.5712572 0.2466576 0	0 0 0 1	
-0.3076148 0.02366492 -0.9512168 0	0.5490545 0.820882 -0.1571367 0	-0.7771182 0.5706074 0.2655088 0	0 0 0 1	
-0.3183926 0.03628448 -0.9472643 0	0.5458426 0.824003 -0.1519045 0	-0.7750368 0.5654225 0.2821621 0	0 0 0 1	
-0.3249066 0.04301569 -0.9447675 0	0.54656 0.8237934 -0.1504548 0	-0.7718213 0.5652559 0.2911665 0	0 0 0 1	
-0.3342332 0.04996608 -0.9411653 0	0.5471238 0.8233954 -0.1505845 0	-0.767427 0.5652641 0.3025436 0	0 0 0 1	
-0.3460994 0.05863437 -0.9363639 0	0.5444678 0.8253395 -0.1495644 0	-0.7640485 0.5615841 0.317574 0	0 0 0 1	
-0.351319 0.06326409 -0.934116 0	0.5441771 0.8256795 -0.1487437 0	-0.7618703 0.560581 0.3245037 0	0 0 0 1	
-0.3572755 0.06647949 -0.9316302 0	0.540324 0.8283207 -0.1481039 0	-0.7618428 0.556296 0.3318591 0	0 0 0 1	
-0.366367 0.06702954 -0.9280529 0	0.5357862 0.8306476 -0.1515177 0	-0.7607288 0.552749 0.3402354 0	0 0 0 1	
-0.3682432 0.06336905 -0.9275677 0	0.5318465 0.832673 -0.1542561 0	-0.7625856 0.5501273 0.3403288 0	0 0 0 1	
-0.3716121 0.05831978 -0.9265546 0	0.5141053 0.843958 -0.1530706 0	-0.7730461 0.5332295 0.3436075 0	0 0 0 1	
-0.3709253 0.06644075 -0.926283 0	0.5067624 0.8503208 -0.1419383 0	-0.7782072 0.5220538 0.3490752 0	0 0 0 1	
-0.3731552 0.06394586 -0.9255627 0	0.5135103 0.845111 -0.1486422 0	-0.7726982 0.5307525 0.3481945 0	0 0 0 1	
-0.3796993 0.06528215 -0.9228037 0	0.5019576 0.8524404 -0.1462324 0	-0.7770888 0.5187327 0.3564399 0	0 0 0 1	
-0.3912369 0.05920641 -0.9183837 0	0.5001261 0.8513849 -0.1581695 0	-0.7725334 0.5211894 0.3627039 0	0 0 0 1	
-0.4011528 0.05522235 -0.9143451 0	0.4980374 0.8509004 -0.1671146 0	-0.7687882 0.5224165 0.368844 0	0 0 0 1	
-0.4124794 0.04967524 -0.9096118 0	0.493832 0.8512592 -0.1774481 0	-0.7655007 0.5223889 0.3756582 0	0 0 0 1	
-0.4159145 0.04590157 -0.9082446 0	0.4928355 0.8507276 -0.1826905 0	-0.7642829 0.5235988 0.3764518 0	0 0 0 1	
-0.4175493 0.03931876 -0.9078032 0	0.4914459 0.8501031 -0.1892237 0	-0.7642863 0.5251464 0.374283 0	0 0 0 1	
-0.419577 0.03857917 -0.9068996 0	0.4929133 0.8486422 -0.1919453 0	-0.7622282 0.5275587 0.3750869 0	0 0 0 1	
-0.4241872 0.03850384 -0.9047555 0	0.492202 0.8484371 -0.1946578 0	-0.7601331 0.5278939 0.3788478 0	0 0 0 1	
-0.4313813 0.0373475 -0.9013963 0	0.4871009 0.8506357 -0.1978676 0	-0.75937 0.5244274 0.3851404 0	0 0 0 1	
-0.4406941 0.0303493 -0.8971444 0	0.4734566 0.8569678 -0.2035805 0	-0.7626453 0.5144756 0.3920296 0	0 0 0 1	
-0.4466332 0.01951529 -0.8945042 -2.663104E-08	0.4610702 0.8618111 -0.211414 -5.096692E-09	-0.7667679 0.5068538 0.3939114 1.244754E-08	0 0 0 1	
-0.4547986 0.01467189 -0.8904736 -0.006050128	0.4529239 0.864718 -0.2170778 -9.218609E-05	-0.7668236 0.5020434 0.3999177 0.006037798	0 0 0 1	
-0.4617008 0.00756216 -0.8870035 -0.01239975	0.4421591 0.8688385 -0.2227441 -8.207688E-05	-0.7689785 0.4950378 0.4044873 0.01221371	0 0 0 1	
-0.4680414 0.0006938875 -0.8837062 -0.01895266	0.4316348 0.8727785 -0.2279235 -9.668036E-05	-0.7711216 0.488116 0.408796 0.01862998	0 0 0 1	
-0.4743257 -0.006756142 -0.8803236 -0.02594218	0.4211395 0.8763871 -0.2336393 -0.0001085403	-0.7730827 0.4815601 0.4128476 0.02539947	0 0 0 1	
-0.4821633 -0.01746774 -0.8759074 -0.03379291	0.4080047 0.8802814 -0.2421505 1.700758E-05	-0.7752748 0.4741303 0.4173125 0.03255073	0 0 0 1	
-0.4930096 -0.03129846 -0.8694609 -0.04250363	0.3903948 0.885137 -0.2532279 0.0003353404	-0.7775177 0.4642767 0.4241623 0.04003933	0 0 0 1	
-0.6113274 -0.03581925 -0.7905672 -0.02902711	0.3440335 0.8876106 -0.3062492 -0.004701611	-0.7126854 0.4591999 0.5302976 0.03928329	0 0 0 1	
-0.6380092 -0.04998052 -0.768405 -0.03622033	0.306154 0.8991646 -0.3126864 -0.003423377	-0.7065508 0.434747 0.5583735 0.04747095	0 0 0 1	
-0.6568344 -0.07137236 -0.7506495 -0.04366148	0.2582868 0.9139889 -0.3129093 -0.00116477	-0.7084184 0.3994125 0.5819048 0.05526393	0 0 0 1	
-0.6601428 -0.09480017 -0.7451341 -0.05104795	0.2092808 0.9295094 -0.3036672 0.002089019	-0.7213969 0.3564059 0.5937692 0.06256661	0 0 0 1	
-0.6642214 -0.1110632 -0.7392399 -0.05718137	0.1654633 0.9425291 -0.2902772 0.006147945	-0.7289942 0.3151253 0.6076711 0.07027201	0 0 0 1	
-0.7434534 -0.1319494 -0.6556422 -0.07616728	0.0917962 0.9509323 -0.2954678 0.01232344	-0.6624581 0.279852 0.6948613 0.0722067	0 0 0 1	
-0.7577152 -0.1410922 -0.6371505 -0.08020171	0.05873547 0.9576407 -0.281912 0.01604714	-0.6499369 0.2510323 0.7173319 0.0822866	0 0 0 1	
-0.7767643 -0.1448432 -0.6129095 -0.08237439	0.03298807 0.9625007 -0.2692659 0.01997186	-0.6289272 0.2293748 0.7428582 0.09380183	0 0 0 1	
-0.7912281 -0.1413969 -0.5949497 -0.08332092	0.01854569 0.9669053 -0.2544606 0.02457047	-0.61124 0.2123701 0.7624203 0.1056993	0 0 0 1	
-0.7953024 -0.1336068 -0.5913067 -0.08460824	0.01092155 0.9720944 -0.2343358 0.03025384	-0.6061147 0.1928258 0.7716498 0.1166961	0 0 0 1	
-0.7965187 -0.1255442 -0.5914364 -0.08593549	0.002475508 0.9775192 -0.2108319 0.03699122	-0.6046092 0.1693956 0.7783015 0.1271447	0 0 0 1	
-0.7958193 -0.1204939 -0.5934249 -0.08765711	-0.007770844 0.9819535 -0.1889628 0.04433826	-0.6054845 0.1457688 0.7823938 0.1374409	0 0 0 1	
-0.843887 -0.1263532 -0.5214304 -0.1110685	-0.03913174 0.98378 -0.1750588 0.04677926	-0.535092 0.1273253 0.8351436 0.149188	0 0 0 1	
-0.8419584 -0.1184778 -0.5263737 -0.1127679	-0.04093632 0.9868079 -0.1566343 0.05504439	-0.5379875 0.1103317 0.8357012 0.1604397	0 0 0 1	
-0.842189 -0.1047556 -0.5289087 -0.1127365	-0.03734019 0.9899214 -0.1366063 0.06465399	-0.5378883 0.09529877 0.8376125 0.1722652	0 0 0 1	
-0.8392735 -0.08762647 -0.5366022 -0.1125996	-0.02565161 0.9922101 -0.1219063 0.07380247	-0.5431044 0.08854797 0.8349833 0.1845062	0 0 0 1	
-0.8315544 -0.07492319 -0.5503671 -0.1141849	-0.01124316 0.9929281 -0.118183 0.08058149	-0.5553296 0.09208775 0.8265162 0.1972096	0 0 0 1	
-0.82839 -0.06790085 -0.5560215 -0.1148848	-0.004108574 0.9933357 -0.1151841 0.08754585	-0.5601371 0.09313288 0.8231483 0.210253	0 0 0 1	
-0.8772496 -0.06756629 -0.4752554 -0.137857	-0.01904947 0.9941648 -0.1061764 0.08896179	-0.4796562 0.08408982 0.8734179 0.2197134	0 0 0 1	
-0.8792439 -0.06220362 -0.4722933 -0.1359469	-0.01757151 0.9949983 -0.09833479 0.09884068	-0.4760478 0.07816136 0.8759391 0.2317731	0 0 0 1	
-0.8785008 -0.05428586 -0.4746467 -0.1342455	-0.01400966 0.9960232 -0.08798645 0.1104185	-0.4775355 0.07064654 0.8757677 0.2423127	0 0 0 1	
-0.8718246 -0.04666708 -0.4875903 -0.1350692	-0.009905141 0.9969272 -0.07770485 0.1228236	-0.4897183 0.06291535 0.8696079 0.2506624	0 0 0 1	
-0.8651221 -0.03846896 -0.5000838 -0.1353438	-0.008141035 0.998 -0.06268758 0.1375089	-0.5014951 0.05016121 0.863705 0.2571511	0 0 0 1	
-0.858412 -0.02623175 -0.5122893 -0.1365046	-0.004518068 0.9990395 -0.04358511 0.1391447	-0.5129406 0.03509943 0.857706 0.2524374	0 0 0 1	
-0.8581605 -0.01444394 -0.5131783 -0.1315847	-0.004102487 0.9997652 -0.02127908 0.157534	-0.5133651 0.01615555 0.8580182 0.2572075	0 0 0 1	
-0.8626547 -0.003325374 -0.5057825 -0.1234339	-0.003663907 0.9999933 -0.0003255656 0.1763268	-0.5057802 -0.001572289 0.862661 0.2619795	0 0 0 1	
-0.8710831 0.006150249 -0.4910978 -0.1124876	-0.002982221 0.9998369 0.01781113 0.1949116	-0.4911273 -0.01697953 0.8709227 0.2668155	0 0 0 1	
-0.8807656 0.01692395 -0.4732507 -0.09929544	-0.0001791408 0.9993492 0.0360712 0.2138758	-0.4735532 -0.03185504 0.8801893 0.270861	0 0 0 1	
-0.8906837 0.03491226 -0.4532809 -0.08232245	0.01028462 0.9983392 0.05668435 0.2334428	-0.4545071 -0.04582601 0.8895636 0.2741893	0 0 0 1	
-0.8954246 0.06124818 -0.4409801 -0.06857346	0.03054391 0.9966093 0.07639968 0.2611617	-0.4441642 -0.05494091 0.8942593 0.2891402	0 0 0 1	
-0.9002346 0.07707821 -0.4285292 -0.0524479	0.04075613 0.9948022 0.09331341 0.2796827	-0.4334943 -0.06653874 0.8986968 0.2912489	0 0 0 1	
-0.9052209 0.0776343 -0.4177898 -0.04150643	0.03687916 0.9938129 0.1047661 0.2978821	-0.4233383 -0.0794287 0.9024832 0.2923754	0 0 0 1	
-0.9052122 0.07260145 -0.4187124 -0.03644861	0.02866296 0.9934853 0.1102963 0.3153225	-0.4239923 -0.08784001 0.901396 0.2939939	0 0 0 1	
-0.9023377 0.06948639 -0.4253919 -0.0326959	0.02393336 0.9934747 0.1115136 0.3318529	-0.4303648 -0.0904419 0.8981127 0.2973055	0 0 0 1	
-0.9001967 0.06673495 -0.4303398 -0.02806797	0.02362331 0.9942167 0.1047623 0.3460662	-0.4348424 -0.08414059 0.896567 0.304328	0 0 0 1	
-0.8992549 0.06300296 -0.4328642 -0.02319126	0.02583909 0.995496 0.09121396 0.3597663	-0.4366614 -0.07083977 0.8968326 0.3072676	0 0 0 1	
-0.8994577 0.0650379 -0.4321409 -0.01418854	0.03688585 0.9966334 0.07322075 0.3693071	-0.4354481 -0.0499191 0.8988286 0.3210309	0 0 0 1	
-0.9005588 0.07380085 -0.4284247 -0.000706397	0.0555529 0.9969419 0.05496069 0.3771673	-0.4311706 -0.02569509 0.9019047 0.336446	0 0 0 1	
-0.9020427 0.0879408 -0.4225935 0.01657287	0.07882994 0.9961239 0.03902559 0.3844931	-0.4243875 -0.001889728 0.9054787 0.3517136	0 0 0 1	
-0.9060791 0.10045 -0.4110117 0.0361646	0.09758794 0.9948329 0.02800057 0.3938271	-0.4117006 0.01473905 0.9111999 0.3636461	0 0 0 1	
-0.9142236 0.1081321 -0.3905163 0.05761988	0.109439 0.9938123 0.01897833 0.4049859	-0.3901521 0.02538728 0.9204005 0.3720385	0 0 0 1	
-0.9235694 0.1116809 -0.3668061 0.07832392	0.1140979 0.9933538 0.01516157 0.4228312	-0.3660616 0.02784904 0.9301739 0.3742779	0 0 0 1	
-0.9333893 0.1064878 -0.3427026 0.09485447	0.1080232 0.9940402 0.01466427 0.4409772	-0.3422217 0.02333234 0.9393296 0.372626	0 0 0 1	
-0.9447924 0.09397867 -0.3139037 0.1088399	0.09280194 0.9955085 0.0187255 0.4631823	-0.3142536 0.01143917 0.9492702 0.3653942	0 0 0 1	
-0.9549541 0.07893834 -0.2860624 0.119953	0.07368943 0.996857 0.02908535 0.4884855	-0.2874592 -0.006695402 0.9577696 0.3532699	0 0 0 1	
-0.9621043 0.06527773 -0.264753 0.1284177	0.05453449 0.9973702 0.0477358 0.5159611	-0.2671728 -0.03148865 0.9631341 0.3365462	0 0 0 1	
-0.9667479 0.05745402 -0.2491945 0.1374244	0.04131425 0.9967243 0.06952546 0.5423521	-0.2523727 -0.0569183 0.9659548 0.3187212	0 0 0 1	
-0.9680997 0.0540437 -0.2446687 0.1369694	0.03309957 0.9954885 0.08892109 0.5662098	-0.2483705 -0.07798603 0.9655211 0.2948699	0 0 0 1	
-0.970938 0.05810281 -0.2321709 0.1512002	0.03629823 0.9946114 0.09711116 0.5842297	-0.2365623 -0.08586153 0.967815 0.2869226	0 0 0 1	
-0.9736075 0.06892449 -0.2175731 0.170565	0.048098 0.9938632 0.09961221 0.5984751	-0.2231036 -0.08651835 0.9709477 0.2831398	0 0 0 1	
-0.9755874 0.07973242 -0.2046271 0.1896204	0.06057787 0.9933182 0.09823073 0.6114838	-0.211092 -0.08343677 0.9738988 0.2818831	0 0 0 1	
-0.9786012 0.07909984 -0.1899559 0.202099	0.06252729 0.9938203 0.09171473 0.6264246	-0.1960366 -0.07787471 0.9774996 0.2817061	0 0 0 1	
-0.9806936 0.06682707 -0.1837785 0.2040137	0.05268787 0.9953387 0.08077614 0.644249	-0.1883199 -0.06953374 0.9796433 0.2845525	0 0 0 1	
-0.981997 0.04456919 -0.1835629 0.188585	0.0327373 0.9972163 0.06699173 0.6661665	-0.1860377 -0.05977633 0.9807225 0.2800682	0 0 0 1	
-0.9825454 0.01733805 -0.1852133 0.1757912	0.007754913 0.9985992 0.05234076 0.6875225	-0.1858613 -0.04999087 0.9813035 0.2846925	0 0 0 1	
-0.982595 -0.009489303 -0.185518 0.1624064	-0.01803863 0.9988487 0.04445008 0.7104281	-0.1848826 -0.04702292 0.981635 0.2838861	0 0 0 1	
-0.9815589 -0.02694125 -0.1892518 0.1538895	-0.03655136 0.9982035 0.04747356 0.7339658	-0.1876329 -0.05351551 0.9807802 0.2762836	0 0 0 1	
-0.9806343 -0.03259402 -0.1931181 0.153911	-0.04437256 0.9973886 0.05698242 0.7564299	-0.1907565 -0.06444804 0.9795197 0.2651412	0 0 0 1	
-0.9802755 -0.02873521 -0.1955362 0.1616877	-0.04266456 0.9968133 0.06740123 0.7766691	-0.1929763 -0.07441424 0.9783777 0.2548609	0 0 0 1	
-0.9805131 -0.01805115 -0.195623 0.1698511	-0.03387643 0.9963889 0.07785541 0.8039254	-0.1935112 -0.08296525 0.9775839 0.2360943	0 0 0 1	
-0.9813547 -0.009865453 -0.1919529 0.1826783	-0.02450227 0.996955 0.07402861 0.8183486	-0.1906381 -0.0773516 0.9786083 0.2386329	0 0 0 1	
-0.9825908 -0.006281585 -0.1856774 0.1920333	-0.0179847 0.9979504 0.06141238 0.830639	-0.1849111 -0.06368259 0.98069 0.2485236	0 0 0 1	
-0.9842694 -0.006621891 -0.1765513 0.1982988	-0.01451677 0.9989495 0.04346315 0.8413448	-0.176078 -0.04534239 0.9833317 0.2628248	0 0 0 1	
-0.986295 -0.003788201 -0.1649495 0.2075957	-0.008375756 0.999597 0.02712522 0.8504366	-0.1647802 -0.02813504 0.9859291 0.2763769	0 0 0 1	
-0.9884828 0.002485371 -0.1513144 0.2215639	0.000268727 0.9998924 0.01466795 0.8646347	-0.1513346 -0.01445835 0.9883771 0.2854248	0 0 0 1	
-0.9908924 0.005428958 -0.1345467 0.2315844	0.005143821 0.9999837 0.002466775 0.8727284	-0.1345579 -0.001752224 0.9909042 0.2944207	0 0 0 1	
-0.9931564 0.005352633 -0.1166697 0.23857	0.006151418 0.9999601 -0.006487549 0.8812687	-0.1166303 0.007160835 0.9931496 0.2998866	0 0 0 1	
-0.9952536 0.005404561 -0.09716735 0.245606	0.006411354 0.9999289 -0.01005219 0.889927	-0.09710612 0.01062745 0.9952174 0.2999696	0 0 0 1	
-0.9971089 0.007339139 -0.07563163 0.2545949	0.007958663 0.9999372 -0.007893183 0.8983495	-0.07556896 0.008472289 0.9971048 0.2941345	0 0 0 1	
-0.9985265 0.007833692 -0.05369873 0.2620181	0.007952434 0.9999664 -0.001997926 0.9070439	-0.05368128 0.002422018 0.9985552 0.2842358	0 0 0 1	
-0.999447 0.004579052 -0.03293736 0.265317	0.004449586 0.9999821 0.004002906 0.9157342	-0.0329551 -0.003854135 0.9994495 0.2740764	0 0 0 1	
-0.9998535 0.003026226 -0.01684392 0.2644797	0.002791964 0.9998993 0.01391398 0.9272725	-0.01688433 -0.01386492 0.9997613 0.2593611	0 0 0 1	
-0.9999958 0.002945429 -0.0003819891 0.2694393	0.002933683 0.9996098 0.02777743 0.9346225	-0.0004636564 -0.02777618 0.9996142 0.2424204	0 0 0 1	
-0.9998993 -0.0003121499 0.01420469 0.2706721	0.0003121499 0.9990347 0.04392682 0.9423004	0.01420469 -0.04392682 0.9989339 0.2235144	0 0 0 1	
-0.9995886 -0.007480763 0.02769062 0.2678608	-0.005767361 0.9980937 0.06144733 0.9505154	0.02809751 -0.06126234 0.9977262 0.2034178	0 0 0 1	
-0.9992441 -0.01592229 0.03546437 0.2627625	-0.01304752 0.9967202 0.07986624 0.9588836	0.03661971 -0.07934315 0.9961746 0.1840807	0 0 0 1	
-0.9990485 -0.02136442 0.03802254 0.2595837	-0.01765059 0.9952766 0.09546206 0.9654393	0.03988244 -0.09470011 0.9947066 0.1691111	0 0 0 1	
-0.9989891 -0.02255999 0.03888206 0.2594071	-0.01806627 0.9935125 0.1122787 0.9819774	0.04116281 -0.1114627 0.9929157 0.1500222	0 0 0 1	
-0.9988618 -0.0237007 0.0413947 0.2602025	-0.01833265 0.9919171 0.125556 0.9847782	0.04403588 -0.1246542 0.9912226 0.1375363	0 0 0 1	
-0.9987283 -0.02532255 0.04359451 0.2601188	-0.01917851 0.9905244 0.1359915 0.9865241	0.04662507 -0.1349825 0.9897504 0.1283196	0 0 0 1	
-0.9984642 -0.02913292 0.04712557 0.2577746	-0.0221107 0.9894457 0.1432068 0.9881781	0.05080022 -0.1419448 0.9885703 0.1223136	0 0 0 1	
-0.9979097 -0.0389334 0.05158689 0.249111	-0.03111403 0.9890093 0.1445427 0.9908349	0.05664745 -0.1426355 0.9881532 0.1225086	0 0 0 1	
-0.9969722 -0.05318522 0.05672633 0.2356261	-0.0449289 0.9894104 0.1380161 0.9936659	0.06346604 -0.1350496 0.9888042 0.1311752	0 0 0 1	
-0.9959306 -0.06490858 0.06252654 0.2279088	-0.05667651 0.9904783 0.1254616 1.018508	0.07007471 -0.1214072 0.9901264 0.1354577	0 0 0 1	
-0.9949396 -0.0731715 0.06885806 0.2207571	-0.06574908 0.9923496 0.1044954 1.017999	0.07597736 -0.09943923 0.9921389 0.1594493	0 0 0 1	
-0.9942743 -0.07680339 0.07429711 0.2183542	-0.07068458 0.9941432 0.08174898 1.015653	0.08014057 -0.07602925 0.9938799 0.1853711	0 0 0 1	
-0.9934343 -0.08015003 0.08163737 0.2168049	-0.07525925 0.9952766 0.06132418 1.013121	0.08616689 -0.05477756 0.9947739 0.2082031	0 0 0 1	
-0.992353 -0.08301405 0.09134727 0.2162584	-0.07920852 0.995863 0.04453127 1.010819	0.09466609 -0.03695525 0.994823 0.2264048	0 0 0 1	
-0.9909885 -0.08590738 0.1027706 0.2159306	-0.08315805 0.9960618 0.03075201 1.008968	0.1050076 -0.02192869 0.9942297 0.2408297	0 0 0 1	
-0.9898754 -0.08681186 0.112297 0.219252	-0.08528927 0.9961882 0.01830145 1.020724	0.1134577 -0.008538425 0.9935063 0.2498803	0 0 0 1	
-0.9884005 -0.08783239 0.1238963 0.2209949	-0.08751394 0.996131 0.008020977 1.019501	0.1241215 0.002914717 0.9922628 0.2600144	0 0 0 1	
-0.9873643 -0.08570348 0.1332934 0.2255006	-0.08663108 0.9962398 -0.001164291 1.01769	0.1326925 0.01269693 0.9910761 0.2688694	0 0 0 1	
-0.9863183 -0.08320911 0.1423125 0.2301849	-0.0852661 0.9963228 -0.008406585 1.015923	0.1410896 0.02042599 0.9897863 0.2754565	0 0 0 1	
-0.9851823 -0.08258368 0.1503188 0.2324739	-0.08563234 0.9962297 -0.01391147 1.014659	0.1486032 0.02657749 0.9885397 0.2805055	0 0 0 1	
-0.9841741 -0.08415574 0.1559464 0.2317009	-0.08796391 0.9959669 -0.01766927 1.0141	0.1538305 0.03110729 0.9876076 0.2844504	0 0 0 1	
-0.9838753 -0.08502419 0.1573549 0.2306506	-0.08933266 0.9957908 -0.0205007 1.02047	0.1549495 0.03422707 0.9873294 0.2848929	0 0 0 1	
-0.9834501 -0.08611997 0.1594034 0.2295866	-0.09052076 0.9956827 -0.02054211 1.020491	0.1569462 0.03463145 0.9869999 0.2851735	0 0 0 1	
-0.9832267 -0.086086 0.1607935 0.2295812	-0.08997842 0.9957974 -0.01707134 1.021013	0.1586481 0.03125294 0.9868404 0.2813621	0 0 0 1	
-0.9833635 -0.08240331 0.1618828 0.2334804	-0.08505469 0.9963309 -0.009505078 1.021689	0.1605056 0.02311583 0.9867643 0.2723943	0 0 0 1	
-0.9837075 -0.07407358 0.1638069 0.2426197	-0.07494769 0.9971871 0.0008461801 1.021745	0.1634088 0.01144455 0.9864922 0.2594111	0 0 0 1	
-0.9841146 -0.06383275 0.1656621 0.2537758	-0.06267054 0.9979592 0.01223879 1.021184	0.1661052 -0.001662239 0.9861068 0.2450918	0 0 0 1	
-0.9845808 -0.0539091 0.1664187 0.2656722	-0.05083099 0.9984492 0.02270359 1.029092	0.1673846 -0.01389429 0.9857941 0.2257208	0 0 0 1	
-0.9849093 -0.04699672 0.1665683 0.2728854	-0.04266631 0.9986542 0.0294836 1.028211	0.1677298 -0.02193181 0.985589 0.2175821	0 0 0 1	
-0.9851975 -0.03996879 0.1666982 0.2802629	-0.03510388 0.9988703 0.03203021 1.026491	0.1677901 -0.02570432 0.9854876 0.214223	0 0 0 1	
-0.9856333 -0.03396491 0.1654502 0.2863343	-0.02925442 0.9990966 0.03082561 1.02431	0.1663477 -0.02554259 0.9857364 0.2156814	0 0 0 1	
-0.9861902 -0.03075369 0.1627368 0.2891703	-0.02665764 0.9992719 0.02729435 1.02237	0.1634578 -0.02257924 0.986292 0.2206357	0 0 0 1	
-0.9866914 -0.02984247 0.1598432 0.289598	-0.02642762 0.9993757 0.0234476 1.020869	0.1604431 -0.01891126 0.9868641 0.2263166	0 0 0 1	
-0.9869553 -0.02764957 0.1586024 0.2938663	-0.024655 0.9994792 0.02081806 1.026142	0.1590954 -0.01663615 0.987123 0.2207906	0 0 0 1	
-0.9872977 -0.0264499 0.156665 0.2951701	-0.0238465 0.9995449 0.01847433 1.024977	0.1570824 -0.01450375 0.9874791 0.2240494	0 0 0 1	
-0.9875027 -0.0261571 0.1554182 0.2956358	-0.02389678 0.99958 0.0163944 1.024218	0.1557818 -0.01247551 0.987713 0.2268704	0 0 0 1	
-0.9876924 -0.02453436 0.1544737 0.2975908	-0.02239745 0.9996281 0.01555898 1.023261	0.1547979 -0.01190767 0.9878745 0.2279595	0 0 0 1	
-0.988083 -0.02089892 0.1524983 0.3015035	-0.0184815 0.9996803 0.01725258 1.022153	0.1528102 -0.01422858 0.9881533 0.2262467	0 0 0 1	
-0.988492 -0.01771246 0.1502329 0.3048504	-0.01470605 0.9996692 0.02109916 1.021612	0.1505569 -0.01864702 0.9884255 0.2223236	0 0 0 1	
-0.9885255 -0.01426972 0.1503785 0.3098519	-0.01026118 0.9995719 0.02739865 1.025257	0.1507051 -0.0255412 0.9882488 0.2034883	0 0 0 1	
-0.9887633 -0.01275319 0.1489444 0.3115415	-0.007705593 0.9993778 0.0344172 1.025738	0.1492907 -0.03288276 0.9882466 0.1957381	0 0 0 1	
-0.988904 -0.009944236 0.148223 0.3147569	-0.003555475 0.9990556 0.04330517 1.02613	0.1485136 -0.04229765 0.9880054 0.1855494	0 0 0 1	
-0.9890765 -0.006649535 0.1472531 0.318403	0.001142296 0.9986062 0.05276687 1.026434	0.1473987 -0.05235868 0.9876903 0.1748176	0 0 0 1	
-0.9892553 -0.004043509 0.1461423 0.3212047	0.005016977 0.9980898 0.06157597 1.026752	0.1461122 -0.06164755 0.9873453 0.1650282	0 0 0 1	
-0.9891773 -0.001305048 0.1467202 0.3244667	0.008953518 0.9975601 0.06923708 1.026696	0.1464526 -0.0698014 0.9867522 0.1559645	0 0 0 1	
-0.9886009 0.002655551 0.1505381 0.3290393	0.01413511 0.9970654 0.07523827 1.025973	0.1498965 -0.07650848 0.9857372 0.1410547	0 0 0 1	
-0.9883186 0.004291191 0.1523423 0.3312557	0.0164051 0.9967909 0.07835014 1.025676	0.1515172 -0.07993408 0.9852173 0.1366614	0 0 0 1	
-0.988116 0.004142234 0.1536546 0.3313314	0.01643241 0.9967548 0.07880226 1.025831	0.1528296 -0.08039068 0.9849775 0.1357299	0 0 0 1	
-0.987839 0.004295196 0.1554216 0.3317827	0.01656396 0.9968368 0.07772997 1.02562	0.1545961 -0.07935908 0.9847854 0.1364048	0 0 0 1	
-0.9875222 0.005003663 0.1574003 0.3329378	0.01721102 0.9969372 0.07628912 1.025063	0.1565365 -0.07804623 0.9845839 0.1374245	0 0 0 1	
-0.9873296 0.00569863 0.1585807 0.3340289	0.01769328 0.9970768 0.07432889 1.024487	0.1576936 -0.07619292 0.9845443 0.1393181	0 0 0 1	
-0.9873284 0.005906221 0.1585822 0.3325162	0.0174717 0.9972778 0.07163574 1.023374	0.1577275 -0.07349868 0.984744 0.1374277	0 0 0 1	
-0.987216 0.006019483 0.1592748 0.3329493	0.01730292 0.9974284 0.06955098 1.022936	0.1584465 -0.07141776 0.9847814 0.1394528	0 0 0 1	
-0.9868354 0.007365928 0.1615604 0.3350224	0.01888854 0.9973751 0.06990129 1.022325	0.1606214 -0.0720327 0.9843842 0.1379977	0 0 0 1	
-0.9864969 0.007265052 0.1636209 0.335436	0.01928623 0.997218 0.07200152 1.022538	0.1626427 -0.07418488 0.9838926 0.134926	0 0 0 1	
-0.9862705 0.006169588 0.1650235 0.3345824	0.01877629 0.9970111 0.07494295 1.02327	0.1640679 -0.07701255 0.9834385 0.1313702	0 0 0 1	
-0.9860456 0.006213473 0.1663593 0.3349124	0.01953586 0.9967175 0.07856596 1.023653	0.165325 -0.08071959 0.9829303 0.1269855	0 0 0 1	
-0.985749 0.00671027 0.1680883 0.3357932	0.02085239 0.9963719 0.08251196 1.023838	0.1669248 -0.08484113 0.9823126 0.1221089	0 0 0 1	
-0.9853688 0.00633218 0.1703178 0.333784	0.02131115 0.9960444 0.08626352 1.023939	0.1690978 -0.08863104 0.9816061 0.1150301	0 0 0 1	
-0.9851788 0.006187661 0.1714205 0.3337431	0.02153018 0.9959064 0.08778845 1.024194	0.1701756 -0.09017801 0.9812791 0.1132239	0 0 0 1	
-0.9851043 0.00556403 0.1718682 0.3331107	0.02072854 0.9960305 0.08656531 1.024372	0.1707044 -0.08883844 0.9813093 0.1147798	0 0 0 1	
-0.9849566 0.005600125 0.1727127 0.3333389	0.02043102 0.9962383 0.08421272 1.024088	0.1715914 -0.08647455 0.9813659 0.1173354	0 0 0 1	
-0.9846419 0.005228062 0.1745078 0.3333057	0.01992994 0.9963833 0.08260205 1.023905	0.1734448 -0.08481137 0.981185 0.1188003	0 0 0 1	
-0.9842831 0.003002096 0.1765725 0.3301003	0.01775129 0.9964734 0.08201043 1.025116	0.1757036 -0.08385587 0.9808652 0.117082	0 0 0 1	
-0.9837373 0.002037745 0.1796014 0.3295349	0.01717672 0.99642 0.08277737 1.025476	0.1787898 -0.08451615 0.9802506 0.115552	0 0 0 1	
-0.983157 0.001344799 0.1827577 0.3292845	0.01685744 0.9963774 0.08335398 1.025776	0.1819835 -0.08503088 0.9796182 0.1141615	0 0 0 1	
-0.9827406 0.000308584 0.1849886 0.3284976	0.01583088 0.9964705 0.08243835 1.026085	0.1843103 -0.08394405 0.9792769 0.1148594	0 0 0 1	
-0.9823716 0.0008505681 0.1869367 0.3294028	0.01603833 0.996686 0.07974814 1.025675	0.1862493 -0.08134046 0.9791297 0.1173966	0 0 0 1	
-0.9819343 0.002851682 0.1892008 0.3319602	0.01759972 0.9969285 0.07631493 1.024674	0.188402 -0.07826613 0.9789684 0.1204181	0 0 0 1	
-0.9815917 0.003153061 0.190966 0.3325465	0.01734982 0.9972018 0.07271557 1.024291	0.1902024 -0.07469022 0.9788997 0.1241712	0 0 0 1	
-0.9817026 -0.00109482 0.1904184 0.3258213	0.01234051 0.9975156 0.06935678 1.025362	0.1900213 -0.07043757 0.9792501 0.126816	0 0 0 1	
-0.9817457 -0.005796317 0.1901106 0.3206085	0.00733242 0.9976391 0.06828238 1.026913	0.1900576 -0.0684299 0.9793855 0.1293812	0 0 0 1	
-0.9818922 -0.009464508 0.1892038 0.3164496	0.003397048 0.9977109 0.06753764 1.028097	0.1894099 -0.06695742 0.9796125 0.1315364	0 0 0 1	
-0.9819825 -0.01114182 0.188643 0.3145415	0.001377158 0.9978119 0.06610256 1.028488	0.1889667 -0.06517135 0.9798185 0.133935	0 0 0 1	
-0.9820002 -0.01269603 0.1884543 0.3128449	-0.0005198712 0.9979163 0.06451998 1.028816	0.1888807 -0.06326064 0.9799606 0.1363509	0 0 0 1	
-0.9821105 -0.01495257 0.1877122 0.3102175	-0.002792178 0.9978892 0.0648801 1.030612	0.1882861 -0.06319528 0.9800792 0.1374513	0 0 0 1	
-0.9820006 -0.01748968 0.188066 0.3074133	-0.005292344 0.9978606 0.06516419 1.031599	0.1888034 -0.06299596 0.9799923 0.1377742	0 0 0 1	
-0.9818501 -0.02049692 0.1885486 0.3040565	-0.008571134 0.9979227 0.06384971 1.032523	0.1894657 -0.06107476 0.9799862 0.1400065	0 0 0 1	
-0.9816763 -0.02327533 0.1891301 0.3009769	-0.01187535 0.9980556 0.06118712 1.033148	0.1901865 -0.05781995 0.980044 0.1437209	0 0 0 1	
-0.9814991 -0.02552162 0.1897587 0.2985302	-0.01469604 0.9981945 0.05823912 1.033526	0.1909025 -0.05437293 0.9801019 0.1476416	0 0 0 1	
-0.9812196 -0.02496332 0.1912715 0.2993359	-0.01458136 0.9983525 0.05549535 1.032991	0.1923417 -0.05166413 0.9799671 0.1504693	0 0 0 1	
-0.9810874 -0.02323465 0.1921663 0.3013343	-0.01324919 0.9985021 0.05308544 1.032094	0.1931118 -0.0495354 0.9799256 0.1528521	0 0 0 1	
-0.9812115 -0.02152585 0.191731 0.3024904	-0.01199663 0.9986407 0.05072396 1.031986	0.1925623 -0.0474708 0.9801359 0.1564672	0 0 0 1	
-0.9812945 -0.0209267 0.1913726 0.3031917	-0.01168331 0.9987156 0.04930205 1.031635	0.1921585 -0.04614396 0.9802786 0.1582618	0 0 0 1	
-0.9812872 -0.02134904 0.1913632 0.302822	-0.01236828 0.9987706 0.04800277 1.031513	0.1921528 -0.04473767 0.9803449 0.1600255	0 0 0 1	
-0.9813309 -0.02165749 0.1911043 0.3024998	-0.01308174 0.9988547 0.04602286 1.031197	0.1918822 -0.04266367 0.9804903 0.1626244	0 0 0 1	
-0.9814491 -0.02100943 0.1905699 0.3032154	-0.01279463 0.9989392 0.04423506 1.030717	0.1912971 -0.04097618 0.9806768 0.1648877	0 0 0 1	
-0.9817706 -0.0203993 0.1889729 0.3027488	-0.0122491 0.9989477 0.04419699 1.032245	0.1896757 -0.04107654 0.9809874 0.1674779	0 0 0 1	
-0.9818469 -0.01990721 0.1886276 0.3033195	-0.01183984 0.9989702 0.0437995 1.032091	0.1893053 -0.04077108 0.9810715 0.1680483	0 0 0 1	
-0.981945 -0.01934979 0.1881748 0.3039513	-0.01128889 0.9989759 0.04381514 1.032007	0.1888299 -0.04089976 0.9811579 0.1681689	0 0 0 1	
-0.9820671 -0.01990619 0.1874786 0.3032894	-0.01177166 0.9989443 0.04440304 1.032452	0.1881646 -0.04139982 0.9812647 0.1679695	0 0 0 1	
-0.9820697 -0.02407755 0.1869755 0.298618	-0.015757 0.9988236 0.0458603 1.03418	0.1878598 -0.04209183 0.9812938 0.1674899	0 0 0 1	
-0.9818853 -0.02999052 0.1870885 0.2920995	-0.02148475 0.9986483 0.04732745 1.036399	0.188255 -0.04245058 0.9812025 0.1671916	0 0 0 1	
-0.981891 -0.03420965 0.1863324 0.2874358	-0.02562387 0.9985045 0.04829349 1.038153	0.1877058 -0.04264439 0.9812992 0.1656182	0 0 0 1	
-0.9820621 -0.03658625 0.1849746 0.2846481	-0.02810302 0.9984385 0.04827802 1.039024	0.186452 -0.04221367 0.9815568 0.1667077	0 0 0 1	
-0.9822383 -0.03913287 0.1835127 0.2816662	-0.03082023 0.9983749 0.04793386 1.039805	0.1850903 -0.04142656 0.9818481 0.1682118	0 0 0 1	
-0.9824469 -0.04165355 0.1818333 0.2786865	-0.03358628 0.9983195 0.04722357 1.040473	0.1834948 -0.04028754 0.982195 0.1701793	0 0 0 1	
-0.982765 -0.04165744 0.1801042 0.2785039	-0.03366529 0.9983176 0.04720762 1.040563	0.1817677 -0.04033074 0.982514 0.170904	0 0 0 1	
-0.9831818 -0.040447 0.1780948 0.279664	-0.03231366 0.9983083 0.04833595 1.040773	0.1797486 -0.04176813 0.9828255 0.1698742	0 0 0 1	
-0.983548 -0.04045503 0.1760586 0.2793363	-0.03225638 0.9982687 0.04918417 1.04107	0.1777436 -0.04269598 0.9831502 0.1697969	0 0 0 1	
-0.9838378 -0.04177977 0.1741195 0.2775135	-0.03359719 0.9981999 0.04968066 1.041729	0.1758817 -0.04302778 0.9834704 0.1703739	0 0 0 1	
-0.9841645 -0.04435673 0.1716186 0.274156	-0.03636947 0.9981162 0.04940974 1.042581	0.1734869 -0.04238563 0.9839238 0.172223	0 0 0 1	
-0.9844515 -0.04685399 0.1692923 0.2709543	-0.03911124 0.9980432 0.0487865 1.043229	0.1712469 -0.04140672 0.9843577 0.1743568	0 0 0 1	
-0.9847946 -0.04872157 0.1667517 0.2684956	-0.04110117 0.99796 0.04885091 1.0438	0.1687916 -0.04125442 0.9847882 0.1756085	0 0 0 1	
-0.9851162 -0.05022493 0.1643881 0.266565	-0.04264053 0.997871 0.04934745 1.044402	0.1665166 -0.04160338 0.9851606 0.1762003	0 0 0 1	
-0.9854274 -0.05077451 0.1623426 0.2647673	-0.04314591 0.9978079 0.05017814 1.045325	0.1645345 -0.04244248 0.985458 0.1764726	0 0 0 1	
-0.9855655 -0.04937436 0.1619362 0.2663996	-0.04180302 0.9978822 0.04983562 1.044932	0.1640538 -0.04234684 0.9855423 0.1769611	0 0 0 1	
-0.9857116 -0.04715349 0.1617076 0.268973	-0.03987216 0.998052 0.04798286 1.044074	0.1636552 -0.04084963 0.9856716 0.1790292	0 0 0 1	
-0.9857993 -0.04541 0.1616716 0.2710421	-0.03856768 0.9982326 0.04521354 1.043185	0.163439 -0.03833617 0.9858084 0.1821685	0 0 0 1	
-0.9856715 -0.04489538 0.1625922 0.2719297	-0.03872602 0.9984118 0.04091801 1.042356	0.164171 -0.03403516 0.9858446 0.1869245	0 0 0 1	
-0.9855223 -0.0428461 0.164044 0.2746099	-0.03763305 0.998687 0.03475675 1.040753	0.1653178 -0.02808007 0.9858407 0.1933866	0 0 0 1	
-0.9855589 -0.0388133 0.1648258 0.279259	-0.03453473 0.99899 0.02874602 1.038477	0.165775 -0.02263867 0.9859039 0.1983915	0 0 0 1	
-0.9854712 -0.03480827 0.1662379 0.2840981	-0.0312936 0.9992288 0.02371593 1.036378	0.1669352 -0.01816918 0.9858006 0.2031946	0 0 0 1	
-0.9853612 -0.03381503 0.1670931 0.2854436	-0.03068028 0.9993021 0.02130717 1.035547	0.167697 -0.01586879 0.985711 0.2057512	0 0 0 1	
-0.9852962 -0.03354694 0.1675297 0.2858585	-0.0304205 0.9993125 0.02119434 1.035435	0.1681255 -0.01578637 0.9856393 0.2059444	0 0 0 1	
-0.9852954 -0.03237455 0.1677646 0.2872217	-0.02902727 0.9993284 0.02236686 1.0354	0.168376 -0.01716821 0.9855734 0.2045431	0 0 0 1	
-0.9851599 -0.03290206 0.168456 0.286811	-0.02924597 0.9992807 0.02413948 1.035949	0.1691291 -0.01885458 0.9854136 0.2026205	0 0 0 1	
-0.9850117 -0.03427046 0.16905 0.2847451	-0.03026151 0.9991977 0.02623498 1.037385	0.1698135 -0.02072604 0.9852585 0.199628	0 0 0 1	
-0.9848528 -0.03480113 0.1698642 0.2843475	-0.03063084 0.999163 0.02711067 1.037716	0.1706656 -0.02149693 0.9850944 0.1986102	0 0 0 1	
-0.9846345 -0.03477976 0.1711303 0.2847129	-0.0304873 0.9991527 0.02764826 1.037837	0.1719469 -0.02200613 0.9848605 0.1977584	0 0 0 1	
-0.9844989 -0.03383962 0.1720968 0.2860635	-0.0295051 0.9991812 0.02768316 1.037566	0.1728926 -0.0221763 0.9846911 0.197414	0 0 0 1	
-0.9843823 -0.03349045 0.1728294 0.2866956	-0.02916353 0.9991959 0.02751535 1.037442	0.1736119 -0.02204531 0.9845674 0.1975071	0 0 0 1	
-0.9841044 -0.03587836 0.1739291 0.2843121	-0.03140306 0.9991028 0.0284155 1.03836	0.1747926 -0.02250191 0.9843481 0.1968318	0 0 0 1	
-0.9838653 -0.03940266 0.174519 0.2804409	-0.03441418 0.9989105 0.0315199 1.041121	0.1755708 -0.02500541 0.9841493 0.193409	0 0 0 1	
-0.9836546 -0.04186783 0.1751305 0.277801	-0.03637321 0.9987437 0.0344689 1.04246	0.1763536 -0.02753543 0.9839417 0.1904145	0 0 0 1	
-0.9835739 -0.04235696 0.1754658 0.2773843	-0.03640185 0.9986513 0.037021 1.043211	0.1767972 -0.03002561 0.9837892 0.18751	0 0 0 1	
-0.9834633 -0.04146041 0.1762999 0.2786807	-0.03501337 0.998605 0.03952483 1.043532	0.1776927 -0.03269836 0.983543 0.1842627	0 0 0 1	
-0.9833641 -0.0402319 0.1771345 0.2803619	-0.03369865 0.9986417 0.03973936 1.043279	0.1784926 -0.03310907 0.9833841 0.1836525	0 0 0 1	
-0.9833883 -0.03923252 0.1772253 0.2812504	-0.03270878 0.9986807 0.03958428 1.043973	0.1785444 -0.03312988 0.9833741 0.1827773	0 0 0 1	
-0.9831759 -0.03955439 0.178328 0.2811829	-0.03299644 0.9986709 0.0395929 1.044079	0.1796571 -0.03304258 0.9831743 0.1825393	0 0 0 1	
-0.9826839 -0.04222479 0.1804146 0.2785996	-0.03541526 0.9985394 0.04080111 1.045054	0.1818739 -0.03370516 0.982744 0.1810767	0 0 0 1	
-0.9821199 -0.04603578 0.182542 0.2746784	-0.03921981 0.9983982 0.04077687 1.04607	0.1841268 -0.0328885 0.9823523 0.1813193	0 0 0 1	
-0.9815792 -0.0495689 0.1845133 0.2710462	-0.0428211 0.9982664 0.04038007 1.046904	0.1861951 -0.03173518 0.9820001 0.1820576	0 0 0 1	
-0.981102 -0.05253847 0.1862222 0.2680168	-0.04592292 0.9981571 0.03966538 1.047517	0.187963 -0.03036391 0.9817067 0.1831502	0 0 0 1	
-0.9806378 -0.05509849 0.18792 0.2654643	-0.04862821 0.9980602 0.03887264 1.047997	0.1896973 -0.02898176 0.9814149 0.1842756	0 0 0 1	
-0.9804224 -0.05642397 0.1886489 0.2634625	-0.0499974 0.998001 0.03865701 1.048598	0.190453 -0.02846824 0.9812834 0.1836985	0 0 0 1	
-0.9802999 -0.05636666 0.189301 0.2637104	-0.04988481 0.9979996 0.03883667 1.04859	0.1911114 -0.02862834 0.9811509 0.1833835	0 0 0 1	
-0.9802879 -0.05504055 0.1897548 0.2654024	-0.04837559 0.9980446 0.03958233 1.048387	0.1915624 -0.02962256 0.9810337 0.1821733	0 0 0 1	
-0.980328 -0.05351309 0.1899835 0.2672811	-0.04666218 0.9980952 0.04035571 1.048138	0.1917812 -0.03069679 0.9809577 0.1809541	0 0 0 1	
-0.9803672 -0.05321419 0.1898644 0.267648	-0.04632375 0.9981031 0.04054982 1.048084	0.1916621 -0.03095848 0.9809725 0.1808048	0 0 0 1	
-0.9803728 -0.054481 0.1894764 0.2661247	-0.04773528 0.9980593 0.03998864 1.048277	0.1912873 -0.03015906 0.9810708 0.1819821	0 0 0 1	
-0.9804024 -0.05616926 0.1888286 0.2637065	-0.04954192 0.9979851 0.03963948 1.049221	0.1906747 -0.02950771 0.9812096 0.1827326	0 0 0 1	
-0.9803551 -0.0570301 0.1888166 0.2627082	-0.05051195 0.9979554 0.03915892 1.049317	0.1906638 -0.02885214 0.9812315 0.1835555	0 0 0 1	
-0.9803401 -0.05752607 0.1887438 0.2621258	-0.05108268 0.9979392 0.03883113 1.049355	0.1905887 -0.02842617 0.9812584 0.1841415	0 0 0 1	
-0.9804306 -0.05798542 0.1881321 0.2614658	-0.05166656 0.9979288 0.03832337 1.049351	0.1899647 -0.02785327 0.9813958 0.1850903	0 0 0 1	
-0.9806504 -0.05833581 0.1868739 0.2607881	-0.05222236 0.9979321 0.03747607 1.049261	0.1886737 -0.02699192 0.9816688 0.1866123	0 0 0 1	
-0.9809389 -0.05849645 0.1853044 0.2602691	-0.05269168 0.9979581 0.03610111 1.049022	0.1870378 -0.02564897 0.9820181 0.1888139	0 0 0 1	
-0.9811789 -0.05863975 0.1839822 0.2598261	-0.05302833 0.9979697 0.03527748 1.048885	0.1856773 -0.02485725 0.9822963 0.1902883	0 0 0 1	
-0.9817388 -0.0581523 0.181129 0.2593723	-0.0525445 0.9979835 0.03561036 1.04938	0.1828345 -0.02544274 0.9828147 0.1902039	0 0 0 1	
-0.9823197 -0.05672858 0.1784092 0.2604447	-0.05104576 0.9980369 0.0362871 1.049203	0.1801175 -0.02653849 0.983287 0.1899187	0 0 0 1	
-0.9829179 -0.05490262 0.1756659 0.2619806	-0.04915927 0.9981096 0.03688437 1.048909	0.1773589 -0.02761869 0.9837588 0.1896629	0 0 0 1	
-0.9838535 -0.05308225 0.1709238 0.263047	-0.04734689 0.9981758 0.03746124 1.048623	0.1726005 -0.02876366 0.9845721 0.1900105	0 0 0 1	
-0.9846944 -0.05172707 0.166439 0.2636206	-0.04608051 0.9982293 0.03761309 1.048361	0.1680899 -0.02936779 0.9853344 0.1909003	0 0 0 1	
-0.9843413 -0.05056807 0.1688653 0.2656063	-0.04461341 0.9982476 0.03887501 1.048498	0.1705353 -0.03073261 0.9848723 0.1876147	0 0 0 1	
-0.9842253 -0.04796809 0.1702933 0.2689804	-0.04161218 0.9983045 0.04070036 1.048187	0.1719569 -0.03297205 0.9845525 0.1845239	0 0 0 1	
-0.9840618 -0.04514898 0.1720002 0.2726768	-0.03815298 0.998313 0.04376694 1.048029	0.173686 -0.03650705 0.9841243 0.1798178	0 0 0 1	
-0.9840209 -0.04380809 0.1725793 0.2743918	-0.03610011 0.9982162 0.04755308 1.048365	0.1743547 -0.0405631 0.9838471 0.174864	0 0 0 1	
-0.9840248 -0.04442247 0.1724003 0.2736477	-0.03608069 0.9980353 0.05122323 1.04919	0.174337 -0.04418461 0.9836942 0.1706591	0 0 0 1	
-0.9840287 -0.04537914 0.1721302 0.2724778	-0.03660389 0.9978796 0.05381778 1.049904	0.1742074 -0.04665759 0.9836032 0.1678324	0 0 0 1	
-0.9840159 -0.04499249 0.1723028 0.273257	-0.03599553 0.9978378 0.05499058 1.049654	0.1744044 -0.04790948 0.9835079 0.1652069	0 0 0 1	
-0.983946 -0.0436523 0.1730457 0.2750276	-0.03462759 0.9978949 0.05483368 1.049261	0.175075 -0.04796122 0.9833863 0.1649338	0 0 0 1	
-0.9838505 -0.04313626 0.1737174 0.2758197	-0.03427456 0.997969 0.0536942 1.048919	0.1756807 -0.04687297 0.9833308 0.1660182	0 0 0 1	
-0.983779 -0.04370723 0.1739785 0.2752492	-0.0351694 0.998035 0.05185946 1.048756	0.1759033 -0.04489953 0.9833829 0.1682773	0 0 0 1	
-0.983685 -0.04426295 0.1743694 0.2747226	-0.0361543 0.9981241 0.04940932 1.048477	0.1762293 -0.042299 0.9834399 0.1712345	0 0 0 1	
-0.9836844 -0.04404598 0.1744276 0.2750267	-0.03638385 0.9982374 0.04688547 1.047962	0.1761852 -0.03977416 0.9835532 0.1742245	0 0 0 1	
-0.9836384 -0.04433584 0.1746132 0.2746388	-0.03654079 0.9981975 0.04760808 1.047539	0.1764092 -0.04044864 0.9834855 0.1722406	0 0 0 1	
-0.9836196 -0.04443265 0.1746945 0.274585	-0.03635884 0.9981294 0.04915018 1.047809	0.1765516 -0.04199339 0.9833952 0.1704476	0 0 0 1	
-0.98359 -0.04448359 0.1748484 0.2746022	-0.03625973 0.9980932 0.04995218 1.047935	0.1767371 -0.04279251 0.9833274 0.1695117	0 0 0 1	
-0.9835769 -0.04468681 0.1748702 0.2744144	-0.03645475 0.9980832 0.05000909 1.047974	0.1767697 -0.04281294 0.9833207 0.1695435	0 0 0 1	
-0.9836181 -0.04492549 0.1745788 0.2741147	-0.03680803 0.9980975 0.04946183 1.047923	0.1764688 -0.04222564 0.9834005 0.1704079	0 0 0 1	
-0.9837132 -0.04497091 0.1740294 0.2739826	-0.03708456 0.9981439 0.04830721 1.047716	0.1758788 -0.04106663 0.983555 0.1720475	0 0 0 1	
-0.983831 -0.04485617 0.1733922 0.2737014	-0.03735178 0.9982288 0.04630477 1.046881	0.1751622 -0.03907954 0.9837639 0.1744553	0 0 0 1	
-0.983822 -0.04580727 0.1731947 0.2725671	-0.03825971 0.9981773 0.04667027 1.047183	0.1750169 -0.03928885 0.9837815 0.1743765	0 0 0 1	
-0.9838841 -0.04596395 0.1727986 0.2723157	-0.03845803 0.9981759 0.04653895 1.047186	0.1746225 -0.03914345 0.9838572 0.1747963	0 0 0 1	
-0.9838933 -0.04560619 0.1728431 0.2727709	-0.0381117 0.998194 0.04643511 1.047058	0.1746487 -0.03909983 0.9838544 0.1749619	0 0 0 1	
-0.9838796 -0.04529136 0.173002 0.2732031	-0.03772697 0.9981931 0.04676666 1.047021	0.1748075 -0.03948593 0.9838105 0.1745903	0 0 0 1	
-0.9838762 -0.04500249 0.1730963 0.2735923	-0.03743862 0.9982063 0.04671849 1.046921	0.1748883 -0.03948472 0.9837962 0.174703	0 0 0 1	
-0.9839091 -0.0453239 0.1728273 0.2727962	-0.03768467 0.9981729 0.04723103 1.047077	0.1746522 -0.03995809 0.9838194 0.1741612	0 0 0 1	
-0.983966 -0.0454238 0.1724756 0.2726242	-0.03785205 0.9981803 0.04694007 1.047054	0.174294 -0.03965887 0.9838948 0.1747536	0 0 0 1	
-0.9842521 -0.04516346 0.1709049 0.2726006	-0.03785783 0.9982345 0.04576862 1.04679	0.1726702 -0.03857776 0.9842241 0.1767061	0 0 0 1	
-0.9845649 -0.04505343 0.169122 0.2723547	-0.038061 0.9982902 0.04436365 1.046523	0.1708316 -0.03724194 0.9845963 0.1790467	0 0 0 1	
-0.9851521 -0.04530257 0.1655988 0.2712958	-0.03863357 0.9983159 0.04327529 1.046422	0.1672804 -0.03623507 0.9852433 0.1815933	0 0 0 1	
-0.9854925 -0.04531454 0.1635579 0.2708492	-0.03872598 0.9983134 0.04325043 1.046444	0.1652419 -0.03628904 0.9855852 0.1823785	0 0 0 1	
-0.9856061 -0.04486388 0.1629974 0.270964	-0.03807264 0.9982812 0.04455378 1.04663	0.1647161 -0.03770673 0.9856201 0.1808697	0 0 0 1	
-0.9853966 -0.04423625 0.1644297 0.2720484	-0.03716008 0.9982562 0.04586585 1.046695	0.1661719 -0.03908582 0.9853221 0.1788981	0 0 0 1	
-0.9851886 -0.04481727 0.1655138 0.2716397	-0.03768606 0.9982313 0.04597879 1.046855	0.1672817 -0.03906022 0.9851351 0.178682	0 0 0 1	
-0.9847866 -0.04532865 0.1677525 0.2715737	-0.0382835 0.9982533 0.04499723 1.046783	0.1694992 -0.03789051 0.9848018 0.1794257	0 0 0 1	
-0.9841764 -0.04602458 0.1711099 0.2715495	-0.03888403 0.9982366 0.04485231 1.046899	0.1728725 -0.03748914 0.9842305 0.1788951	0 0 0 1	
-0.9837598 -0.04674128 0.1732982 0.2712285	-0.03950778 0.9982073 0.04495909 1.047081	0.175089 -0.03738232 0.9838428 0.1784249	0 0 0 1	
-0.9834272 -0.04756102 0.174954 0.2708268	-0.04024506 0.9981701 0.04513127 1.047282	0.1767803 -0.03734228 0.9835417 0.1777728	0 0 0 1	
-0.9830426 -0.04767606 0.177072 0.2712003	-0.04026398 0.9981652 0.04522108 1.047309	0.1789031 -0.03732462 0.9831586 0.1772459	0 0 0 1	
-0.9827524 -0.0470238 0.1788479 0.2723927	-0.0395067 0.998189 0.04536449 1.047152	0.1806572 -0.03751637 0.9828304 0.1766046	0 0 0 1	
-0.9825228 -0.04605663 0.1803542 0.2738908	-0.03840863 0.9982178 0.04567229 1.046945	0.1821363 -0.03794691 0.9825407 0.1757837	0 0 0 1	
-0.9824042 -0.04579104 0.1810677 0.2743903	-0.03812039 0.9982312 0.04562065 1.046862	0.1828365 -0.03791554 0.9824121 0.1757784	0 0 0 1	
-0.9822127 -0.04679501 0.1818483 0.273421	-0.03912776 0.9981966 0.04552606 1.047102	0.1836508 -0.03760094 0.9822723 0.1760828	0 0 0 1	
-0.9818765 -0.04789392 0.1833709 0.2725106	-0.04018514 0.9981544 0.04552895 1.04753	0.1852131 -0.03733502 0.981989 0.1756226	0 0 0 1	
-0.9817761 -0.048064 0.1838627 0.272446	-0.04035679 0.9981518 0.04543518 1.047562	0.1857067 -0.03718706 0.9819013 0.1757986	0 0 0 1	
-0.9817635 -0.04700508 0.1842045 0.2737864	-0.03919313 0.9981803 0.04582498 1.047368	0.1860233 -0.03776973 0.9818193 0.1751955	0 0 0 1	
-0.9817588 -0.04558798 0.1845845 0.275557	-0.0376423 0.9982169 0.04632584 1.047096	0.1863673 -0.03853262 0.9817243 0.1743772	0 0 0 1	
-0.9817156 -0.04538194 0.1848657 0.2758929	-0.03744796 0.9982306 0.0461871 1.047024	0.1866347 -0.03841974 0.981678 0.1746048	0 0 0 1	
-0.9816427 -0.04634665 0.1850133 0.2748288	-0.03844002 0.998197 0.04609791 1.047279	0.1868162 -0.03813976 0.9816544 0.1750671	0 0 0 1	
-0.9821804 -0.04648561 0.1821021 0.2746051	-0.03863191 0.9981737 0.04644214 1.064498	0.1839284 -0.03857959 0.9821824 0.2379228	0 0 0 1	
-0.9820826 -0.04587118 0.1827832 0.27554	-0.03790702 0.9981833 0.04683159 1.064459	0.1845994 -0.03906372 0.9820373 0.2372979	0 0 0 1	
-0.98207 -0.04490987 0.1830903 0.2767799	-0.03687066 0.9982104 0.04708027 1.064295	0.184877 -0.03948545 0.9819683 0.2368901	0 0 0 1	
-0.9821122 -0.04452154 0.1829575 0.2772146	-0.03648071 0.9982246 0.04708389 1.064222	0.184729 -0.03956725 0.9819927 0.2370422	0 0 0 1	
-0.982157 -0.04478791 0.1826526 0.276824	-0.03676011 0.9982134 0.04710415 1.064327	0.184436 -0.03954934 0.9820486 0.2373717	0 0 0 1	
-0.9822562 -0.04531465 0.1819877 0.2760194	-0.03732586 0.9981931 0.04708679 1.064494	0.1837926 -0.03945844 0.9821728 0.2379191	0 0 0 1	
-0.9834193 -0.04493374 0.1756922 0.2747504	-0.03718296 0.9981949 0.04716315 1.063662	0.1774942 -0.0398484 0.9833149 0.2353981	0 0 0 1	
-0.9834383 -0.04456604 0.1756791 0.2751887	-0.03684741 0.998217 0.0469574 1.06354	0.1774585 -0.03970638 0.983327 0.2357383	0 0 0 1	
-0.9834508 -0.04458627 0.1756043 0.2751505	-0.03683743 0.9982086 0.04714352 1.06362	0.1773917 -0.03989451 0.9833314 0.2357029	0 0 0 1	
-0.9834464 -0.04457883 0.1756318 0.2751739	-0.03684777 0.9982132 0.04703814 1.063618	0.1774149 -0.03978784 0.9833318 0.2359897	0 0 0 1	
-0.9834502 -0.04443213 0.1756457 0.2753555	-0.0366877 0.9982164 0.04709681 1.063626	0.177425 -0.03987333 0.9833262 0.2360593	0 0 0 1	
-0.9834805 -0.044236 0.1755272 0.2755575	-0.03658132 0.9982431 0.04660982 1.063489	0.1772806 -0.03941882 0.9833708 0.2368268	0 0 0 1	
-0.9841349 -0.04450642 0.171749 0.2737139	-0.03713824 0.9982564 0.04587962 1.062336	0.1734915 -0.03877328 0.9840719 0.2316786	0 0 0 1	
-0.9841783 -0.04545517 0.1712522 0.272449	-0.03834373 0.9982684 0.04460907 1.062289	0.1729833 -0.03733683 0.9842169 0.2336303	0 0 0 1	
-0.984283 -0.04633615 0.170412 0.2711668	-0.03926273 0.9982309 0.04464796 1.062549	0.1721793 -0.03725538 0.9843609 0.2340992	0 0 0 1	
-0.9843514 -0.04591621 0.17013 0.2715785	-0.03895086 0.9982694 0.04405698 1.062319	0.1718585 -0.03674084 0.9844364 0.234908	0 0 0 1	
-0.9843171 -0.0451642 0.1705295 0.2725776	-0.03805422 0.9982738 0.04473609 1.062315	0.1722555 -0.03754512 0.9843366 0.2339249	0 0 0 1	
-0.9843034 -0.04407147 0.1708939 0.2739672	-0.03689845 0.9983087 0.04492645 1.062102	0.1725848 -0.03791554 0.9842647 0.2334694	0 0 0 1	
-0.9847103 -0.04367851 0.1686351 0.2738388	-0.0365098 0.9983023 0.04538074 1.061354	0.170331 -0.03853005 0.9846334 0.2302277	0 0 0 1	
-0.9847103 -0.04446814 0.1684304 0.2728566	-0.03732044 0.9982729 0.04536906 1.061564	0.170157 -0.03838948 0.9846693 0.2304801	0 0 0 1	
-0.9847001 -0.04565778 0.1681701 0.271386	-0.03860062 0.998241 0.0449987 1.06179	0.1699288 -0.03781875 0.9847305 0.2312549	0 0 0 1	
-0.9847093 -0.0462303 0.1679594 0.2706584	-0.03925612 0.9982328 0.04461044 1.061853	0.169725 -0.03733488 0.984784 0.2319202	0 0 0 1	
-0.9847068 -0.04605678 0.1680219 0.2708923	-0.03906216 0.9982364 0.04470126 1.061843	0.1697844 -0.03745433 0.9847692 0.2317888	0 0 0 1	
-0.9846942 -0.04560056 0.1682217 0.2715022	-0.03854117 0.9982435 0.04499547 1.06181	0.1699781 -0.0378233 0.984722 0.2313221	0 0 0 1	
-0.9850403 -0.04525036 0.1662767 0.271268	-0.03820828 0.998242 0.04531065 1.061252	0.1680347 -0.03827967 0.9850376 0.2286602	0 0 0 1	
-0.9850328 -0.04546488 0.1662623 0.2710268	-0.03843604 0.9982358 0.04525324 1.061299	0.1680264 -0.03818547 0.9850426 0.2287689	0 0 0 1	
-0.9850293 -0.04581513 0.1661875 0.2706068	-0.03882267 0.9982285 0.0450846 1.061355	0.1679587 -0.03795781 0.9850631 0.2290584	0 0 0 1	
-0.9850284 -0.04603133 0.1661329 0.2703505	-0.03906088 0.9982237 0.04498499 1.061396	0.1679085 -0.03782219 0.9850768 0.2292366	0 0 0 1	
-0.9850276 -0.04598685 0.16615 0.2704221	-0.03901633 0.9982258 0.04497801 1.061396	0.1679236 -0.03782202 0.9850742 0.2292346	0 0 0 1	
-0.9850178 -0.04580506 0.1662586 0.2706816	-0.03881577 0.9982304 0.04504897 1.061379	0.1680279 -0.03792057 0.9850526 0.2290874	0 0 0 1	
-0.9851927 -0.04567619 0.1652549 0.2705217	-0.0386624 0.9982198 0.04541446 1.06113	0.1670351 -0.03835284 0.9852047 0.2280058	0 0 0 1	
-0.9851876 -0.04570346 0.1652766 0.2705017	-0.03869253 0.9982195 0.0453947 1.06114	0.1670571 -0.03832733 0.985202 0.2280392	0 0 0 1	
-0.9851829 -0.04583727 0.1652686 0.2703469	-0.03883428 0.9982156 0.04536014 1.061175	0.1670528 -0.03826994 0.9852049 0.2281226	0 0 0 1	
-0.9851785 -0.04592361 0.1652718 0.2702517	-0.03892791 0.9982136 0.04532317 1.061198	0.167058 -0.03821772 0.9852062 0.2281986	0 0 0 1	
-0.9851786 -0.04587434 0.1652831 0.2703157	-0.03888095 0.9982164 0.04530308 1.061193	0.1670666 -0.03820526 0.9852051 0.2282265	0 0 0 1	
-0.9851763 -0.04580771 0.1653167 0.2704071	-0.03880926 0.9982184 0.0453199 1.061193	0.1670982 -0.03823227 0.9851989 0.2282034	0 0 0 1	
-0.985321 -0.04595467 0.1644101 0.2699662	-0.03897781 0.9982075 0.04541474 1.061096	0.1662024 -0.03833975 0.9853461 0.2279639	0 0 0 1	
-0.9853177 -0.04600911 0.1644168 0.2699003	-0.03903605 0.9982061 0.04539485 1.061114	0.1662105 -0.03831015 0.9853462 0.2280204	0 0 0 1	
-0.9853113 -0.04605611 0.1644406 0.2698473	-0.03908484 0.9982048 0.04538235 1.061133	0.1662355 -0.0382886 0.9853425 0.2280631	0 0 0 1	
-0.9853044 -0.04607407 0.1644776 0.2698334	-0.03910287 0.9982044 0.0453747 1.061147	0.1662728 -0.03827633 0.9853368 0.228089	0 0 0 1	
-0.9853002 -0.04604114 0.1645107 0.2698792	-0.03906762 0.9982057 0.04537816 1.061153	0.1663047 -0.03828407 0.9853309 0.2280929	0 0 0 1	
-0.9852985 -0.04601167 0.1645306 0.2699177	-0.03903449 0.9982063 0.04539292 1.061165	0.166324 -0.0383032 0.9853272 0.2280901	0 0 0 1	
-0.9854021 -0.04591915 0.1639331 0.2698838	-0.03895092 0.9982059 0.04547249 1.0611	0.165727 -0.03842334 0.9854228 0.2278596	0 0 0 1	
-0.985394 -0.04595465 0.1639719 0.2698532	-0.0389891 0.9982055 0.04545023 1.061113	0.1657663 -0.03839327 0.9854174 0.2278955	0 0 0 1	
-0.9853873 -0.04599056 0.164003 0.269818	-0.03902824 0.998205 0.04542645 1.061125	0.1657978 -0.03836189 0.9854136 0.2279361	0 0 0 1	
-0.985384 -0.04597783 0.1640257 0.2698358	-0.03901445 0.9982055 0.04542651 1.061134	0.16582 -0.03836318 0.9854096 0.2279434	0 0 0 1	
-0.9853802 -0.04594605 0.1640581 0.2698768	-0.03897932 0.9982065 0.04543637 1.061142	0.1658515 -0.03837722 0.9854039 0.2279342	0 0 0 1	
-0.9853737 -0.04596905 0.1640898 0.269855	-0.03900213 0.9982058 0.04543185 1.061161	0.1658838 -0.0383675 0.9853987 0.2279523	0 0 0 1	
-0.9854099 -0.04584147 0.1639086 0.2699497	-0.03887672 0.9982098 0.04545159 1.061104	0.1656988 -0.03841621 0.9854279 0.2280374	0 0 0 1	
-0.9854056 -0.04586896 0.1639284 0.2699239	-0.0389064 0.9982093 0.04543602 1.061118	0.1657189 -0.03839504 0.9854256 0.2280563	0 0 0 1	
-0.9853977 -0.04588066 0.1639716 0.2699215	-0.03891543 0.9982087 0.04544268 1.061132	0.1657629 -0.03839807 0.985418 0.22804	0 0 0 1	
-0.9853927 -0.04587772 0.1640027 0.2699332	-0.03891129 0.9982089 0.0454423 1.061142	0.1657938 -0.03839694 0.9854128 0.2280344	0 0 0 1	
-0.9853879 -0.04586027 0.164035 0.2699623	-0.03889236 0.9982096 0.04544213 1.061151	0.1658253 -0.03839842 0.9854074 0.2280263	0 0 0 1	
-0.9853854 -0.04586647 0.1640494 0.2699591	-0.03890148 0.9982102 0.04542189 1.061163	0.1658391 -0.03837629 0.985406 0.2280519	0 0 0 1	
-0.9854109 -0.04569466 0.1639431 0.2701343	-0.03870729 0.9982111 0.04556659 1.061229	0.165732 -0.03855602 0.9854169 0.2283745	0 0 0 1	
-0.9854062 -0.045699 0.163971 0.2701404	-0.03871268 0.9982115 0.04555418 1.061244	0.1657595 -0.03854162 0.9854128 0.2283809	0 0 0 1	
-0.9854038 -0.04568661 0.1639882 0.2701635	-0.03869838 0.9982117 0.04556045 1.06126	0.1657765 -0.03854936 0.9854096 0.2283653	0 0 0 1	
-0.9854002 -0.04569221 0.1640087 0.2701666	-0.03870534 0.998212 0.04554801 1.061279	0.1657966 -0.038535 0.9854069 0.2283728	0 0 0 1	
-0.9853956 -0.04569896 0.1640347 0.2701682	-0.0387125 0.9982121 0.04553996 1.0613	0.1658226 -0.03852467 0.9854029 0.2283735	0 0 0 1	
-0.9853919 -0.04569346 0.1640579 0.2701833	-0.03870531 0.9982122 0.04554411 1.06132	0.1658457 -0.03852889 0.9853989 0.2283583	0 0 0 1	
-0.9854398 -0.0457216 0.1637629 0.2700945	-0.03872573 0.998206 0.04566183 1.061359	0.1655568 -0.03865514 0.9854425 0.2286649	0 0 0 1	
-0.9854355 -0.04573867 0.1637827 0.2700852	-0.03874217 0.9982054 0.0456622 1.061377	0.1655773 -0.03865186 0.9854391 0.2286506	0 0 0 1	
-0.9854348 -0.04573296 0.1637891 0.270096	-0.03873807 0.9982061 0.0456507 1.061388	0.165583 -0.03864091 0.9854386 0.2286499	0 0 0 1	
-0.9854327 -0.04571997 0.1638047 0.2701164	-0.03872582 0.998207 0.04564153 1.0614	0.1655978 -0.03863319 0.9854364 0.2286443	0 0 0 1	
-0.985429 -0.04572238 0.1638265 0.2701201	-0.03872894 0.9982073 0.04563237 1.061417	0.1656192 -0.03862263 0.9854332 0.2286399	0 0 0 1	
-0.9854243 -0.04571836 0.1638564 0.2701342	-0.03872728 0.9982083 0.04561096 1.061431	0.1656481 -0.03860043 0.9854293 0.2286461	0 0 0 1	
-0.985477 -0.04561706 0.1635666 0.2701541	-0.03862629 0.9982095 0.04566982 1.061271	0.1653571 -0.03868859 0.9854746 0.2288261	0 0 0 1	
-0.9854732 -0.0456291 0.1635866 0.270151	-0.03863944 0.9982095 0.04565934 1.06127	0.1653771 -0.03867516 0.9854717 0.2288264	0 0 0 1	
-0.9854736 -0.04563075 0.163584 0.2701536	-0.03864484 0.9982103 0.04563783 1.061266	0.1653737 -0.03865319 0.9854733 0.2288454	0 0 0 1	
-0.9854698 -0.04563288 0.1636053 0.2701626	-0.03864968 0.998211 0.04561678 1.061262	0.1653943 -0.03863067 0.9854707 0.228857	0 0 0 1	
-0.9854686 -0.04562241 0.1636169 0.2701842	-0.03864188 0.9982122 0.04559729 1.061258	0.1654046 -0.03861223 0.9854697 0.228867	0 0 0 1	
-0.9855142 -0.04577808 0.1632979 0.2698787	-0.0387813 0.9981984 0.04578193 1.061319	0.1650995 -0.03878584 0.985514 0.2288819	0 0 0 1	
-0.9855115 -0.04577128 0.1633167 0.269897	-0.03877125 0.9981981 0.0457963 1.061319	0.1651186 -0.03880078 0.9855103 0.2288488	0 0 0 1	
-0.985507 -0.04577821 0.1633407 0.2699004	-0.0387768 0.9981978 0.04579938 1.061322	0.1651429 -0.03880179 0.9855061 0.2288308	0 0 0 1	
-0.9855018 -0.04578116 0.1633718 0.2699099	-0.03877794 0.9981976 0.04580296 1.061324	0.1651743 -0.03880368 0.9855008 0.2288101	0 0 0 1	
-0.9854972 -0.0457736 0.1634016 0.2699302	-0.03877283 0.9981987 0.04578066 1.061316	0.1652029 -0.03878117 0.985497 0.2288187	0 0 0 1	
-0.9854944 -0.04578746 0.1634156 0.2699215	-0.0387897 0.998199 0.04576052 1.061316	0.1652165 -0.03875789 0.9854957 0.2288325	0 0 0 1	
-0.985491 -0.04577618 0.1634376 0.2699432	-0.03877853 0.9981998 0.04575372 1.061313	0.1652378 -0.03875202 0.9854921 0.2288236	0 0 0 1	
-0.9854891 -0.04584822 0.16343 0.2698678	-0.03886307 0.9981996 0.0456865 1.061265	0.1652304 -0.03867215 0.9854966 0.2290532	0 0 0 1	
-0.9854839 -0.04583244 0.1634651 0.2698981	-0.03884662 0.9982005 0.04568095 1.061259	0.1652646 -0.03866778 0.9854909 0.2290523	0 0 0 1	
-0.9854794 -0.04583548 0.1634925 0.269904	-0.03884767 0.9982002 0.04568658 1.061261	0.1652923 -0.03867187 0.9854863 0.229044	0 0 0 1	
-0.9854796 -0.04582527 0.1634939 0.2699177	-0.03884115 0.9982015 0.04566347 1.061255	0.1652924 -0.03865012 0.9854871 0.2290757	0 0 0 1	
-0.985477 -0.04582626 0.1635092 0.2699231	-0.03884148 0.9982015 0.04566383 1.061257	0.1653077 -0.03864971 0.9854845 0.2290788	0 0 0 1	
-0.9854757 -0.04583712 0.1635137 0.2699147	-0.03885436 0.9982015 0.04565158 1.061261	0.1653122 -0.03863529 0.9854844 0.2291015	0 0 0 1	
-0.9854604 -0.04591721 0.1635836 0.2698432	-0.03893302 0.9981985 0.04564971 1.061297	0.165385 -0.03861718 0.9854728 0.2290108	0 0 0 1	
-0.9854578 -0.04591452 0.1636005 0.2698517	-0.03892868 0.9981984 0.04565537 1.061301	0.165402 -0.03862269 0.9854698 0.2290051	0 0 0 1	
-0.9854544 -0.04591868 0.1636196 0.2698525	-0.03893002 0.9981978 0.04566791 1.061308	0.1654218 -0.03863392 0.9854661 0.2289929	0 0 0 1	
-0.9854556 -0.04591548 0.1636135 0.2698539	-0.03893188 0.9981991 0.04563896 1.061305	0.1654144 -0.03860538 0.9854685 0.2290357	0 0 0 1	
-0.9854513 -0.04591573 0.1636386 0.2698598	-0.03893295 0.9981995 0.04562828 1.061309	0.165439 -0.03859352 0.9854647 0.2290473	0 0 0 1	
-0.9854482 -0.04591001 0.1636603 0.2698721	-0.03892606 0.9981997 0.04562959 1.061317	0.1654605 -0.03859494 0.9854614 0.2290442	0 0 0 1	
-0.9854491 -0.04590996 0.1636553 0.26987	-0.03892892 0.9982004 0.04561346 1.061324	0.1654549 -0.0385788 0.9854628 0.2290704	0 0 0 1	
-0.9854476 -0.04590806 0.1636626 0.2698739	-0.03892941 0.9982011 0.04559738 1.061328	0.1654615 -0.03856254 0.9854621 0.229094	0 0 0 1	
-0.985446 -0.04590369 0.1636741 0.2698807	-0.03892818 0.9982021 0.04557559 1.061329	0.1654719 -0.03854074 0.9854612 0.2291239	0 0 0 1	
-0.9854432 -0.04589147 0.163694 0.2698976	-0.03891665 0.998203 0.04556585 1.061331	0.1654909 -0.03853214 0.9854584 0.2291341	0 0 0 1	
-0.9854406 -0.0458942 0.163709 0.2698972	-0.03892225 0.9982037 0.0455454 1.061334	0.1655052 -0.03851036 0.9854568 0.2291606	0 0 0 1	
-0.9854404 -0.04588667 0.1637136 0.2699055	-0.03891583 0.9982044 0.04553717 1.061337	0.1655092 -0.0385031 0.9854566 0.2291769	0 0 0 1	
-0.9854348 -0.04589892 0.1637425 0.2698984	-0.03892437 0.9982033 0.04555338 1.061349	0.1655391 -0.03851631 0.9854507 0.2291631	0 0 0 1	
-0.9854337 -0.04590401 0.1637477 0.2698956	-0.03893041 0.9982033 0.0455469 1.061355	0.1655443 -0.03850869 0.9854503 0.2291819	0 0 0 1	
-0.9854305 -0.04590026 0.1637676 0.2699087	-0.03893134 0.9982048 0.0455141 1.061352	0.1655627 -0.03847529 0.9854485 0.2292241	0 0 0 1	
-0.9854275 -0.04589795 0.163787 0.2699205	-0.0389336 0.9982062 0.04548208 1.061352	0.1655808 -0.03844246 0.9854468 0.2292656	0 0 0 1	
-0.9854252 -0.04591578 0.1637959 0.2699081	-0.03895058 0.9982053 0.04548652 1.061366	0.1655905 -0.03844361 0.9854451 0.2292701	0 0 0 1	
-0.9854249 -0.04591623 0.1637973 0.2699126	-0.03894872 0.9982048 0.04549988 1.06138	0.1655925 -0.03845701 0.9854442 0.2292648	0 0 0 1	
-0.9854472 -0.04580235 0.1636947 0.2700633	-0.03882993 0.9982073 0.0455445 1.061271	0.1654873 -0.03852544 0.9854591 0.2292023	0 0 0 1	
-0.9854463 -0.0458123 0.1636972 0.2700589	-0.03884094 0.9982072 0.04553838 1.061274	0.1654899 -0.03851748 0.9854591 0.2292179	0 0 0 1	
-0.9854454 -0.0458323 0.1636991 0.2700439	-0.03886284 0.9982068 0.0455282 1.061278	0.1654922 -0.03850373 0.9854594 0.2292414	0 0 0 1	
-0.9854417 -0.04583753 0.1637195 0.2700517	-0.03886872 0.998207 0.04551991 1.061279	0.1655125 -0.03849364 0.9854563 0.2292558	0 0 0 1	
-0.9854416 -0.04584214 0.1637179 0.2700557	-0.03887669 0.9982075 0.04550069 1.061278	0.1655103 -0.03847346 0.9854574 0.2292893	0 0 0 1	
-0.9854416 -0.04583556 0.1637203 0.270075	-0.03887071 0.998208 0.04549599 1.061279	0.1655122 -0.03846971 0.9854573 0.2293034	0 0 0 1	
-0.9854393 -0.04578635 0.1637475 0.2701281	-0.0388305 0.9982125 0.0454322 1.061174	0.1655349 -0.03841227 0.9854556 0.2292702	0 0 0 1	
-0.9854379 -0.04576571 0.163762 0.2701608	-0.03881479 0.9982146 0.04539781 1.061162	0.1655473 -0.03838032 0.9854549 0.229304	0 0 0 1	
-0.9854379 -0.04575771 0.1637646 0.2701753	-0.03880881 0.9982154 0.04538457 1.061161	0.1655491 -0.03836815 0.985455 0.2293194	0 0 0 1	
-0.9854366 -0.04574063 0.1637766 0.2702044	-0.0387923 0.9982165 0.04537705 1.061159	0.1655601 -0.03836294 0.9854534 0.2293237	0 0 0 1	
-0.9854354 -0.04574656 0.1637821 0.2702063	-0.03879894 0.9982164 0.04537203 1.061164	0.1655656 -0.03835663 0.9854528 0.2293313	0 0 0 1	
-0.9854304 -0.04575027 0.163811 0.2702175	-0.03880071 0.9982161 0.04537707 1.061172	0.1655948 -0.03835996 0.9854476 0.2293211	0 0 0 1	
-0.9854581 -0.04588919 0.1636044 0.2699646	-0.03894309 0.9982088 0.0454157 1.061162	0.1653954 -0.03838401 0.9854801 0.2293089	0 0 0 1	
-0.9854547 -0.04591042 0.1636205 0.2699462	-0.0389622 0.9982076 0.04542617 1.061171	0.1654127 -0.03839041 0.9854771 0.2292994	0 0 0 1	
-0.9854504 -0.04592216 0.1636418 0.2699397	-0.03897267 0.998207 0.04542962 1.061176	0.1654346 -0.03839108 0.9854733 0.2292942	0 0 0 1	
-0.985448 -0.04591933 0.1636573 0.2699477	-0.03896848 0.998207 0.04543388 1.061178	0.1654501 -0.03839524 0.9854705 0.2292875	0 0 0 1	
-0.9854454 -0.04591623 0.1636743 0.2699571	-0.03896455 0.9982071 0.04543463 1.06118	0.165467 -0.03839585 0.9854677 0.229284	0 0 0 1	
-0.9854431 -0.04592758 0.1636849 0.2699479	-0.03897685 0.998207 0.04542736 1.061184	0.1654778 -0.03838615 0.9854664 0.2292959	0 0 0 1	
-0.9807682 -0.04751728 0.1893042 0.2772963	-0.03947289 0.9981593 0.04604264 1.044041	0.1911436 -0.03768477 0.9808385 0.1527394	0 0 0 1	
-0.9807647 -0.0475278 0.1893195 0.2772899	-0.03948262 0.9981588 0.04604463 1.04405	0.1911593 -0.03768412 0.9808354 0.1527375	0 0 0 1	
-0.9807612 -0.04751959 0.1893397 0.2773062	-0.03947449 0.9981594 0.04603932 1.044053	0.191179 -0.03767949 0.9808317 0.1527393	0 0 0 1	
-0.9807566 -0.04753036 0.1893605 0.2773014	-0.03948668 0.9981594 0.04602886 1.044061	0.1911997 -0.03766589 0.9808283 0.1527526	0 0 0 1	
-0.980757 -0.04753249 0.1893584 0.277301	-0.03949136 0.9981598 0.04601646 1.044067	0.1911972 -0.03765294 0.9808294 0.1527737	0 0 0 1	
-0.9807528 -0.0475339 0.189379 0.2773047	-0.03949393 0.9981601 0.04600649 1.044074	0.1912175 -0.03764167 0.9808257 0.1527843	0 0 0 1	
-0.980763 -0.04751979 0.1893303 0.2772433	-0.03945933 0.9981562 0.04612009 1.043932	0.1911728 -0.03776203 0.9808298 0.1525681	0 0 0 1	
-0.980759 -0.04750171 0.1893565 0.2772691	-0.03944069 0.9981571 0.04611605 1.04393	0.1911981 -0.03776037 0.9808252 0.1525622	0 0 0 1	
-0.980758 -0.0474951 0.1893621 0.2772767	-0.03943779 0.9981582 0.0460953 1.04393	0.1912026 -0.03774031 0.9808247 0.1525843	0 0 0 1	
-0.9807545 -0.04749266 0.1893826 0.2772829	-0.0394361 0.9981587 0.04608708 1.043933	0.1912227 -0.03773158 0.9808215 0.1525888	0 0 0 1	
-0.9807528 -0.04750835 0.1893872 0.277265	-0.03945158 0.998158 0.04608867 1.043942	0.1912279 -0.03772995 0.9808205 0.1525896	0 0 0 1	
-0.9807483 -0.04750996 0.189408 0.2772654	-0.03944986 0.9981575 0.04610175 1.04395	0.1912494 -0.03774209 0.9808155 0.152569	0 0 0 1	
-0.9807649 -0.04744754 0.189339 0.2772354	-0.03937402 0.9981569 0.04617877 1.043839	0.1911811 -0.03783548 0.9808253 0.1525368	0 0 0 1	
-0.9807616 -0.0474451 0.1893566 0.2772413	-0.03937097 0.998157 0.04617817 1.043839	0.1911985 -0.03783461 0.9808222 0.1525324	0 0 0 1	
-0.9807597 -0.04744632 0.1893668 0.2772416	-0.03937107 0.9981568 0.04618195 1.04384	0.1912089 -0.03783781 0.9808201 0.1525258	0 0 0 1	
-0.9807614 -0.04742695 0.1893628 0.2772624	-0.03935514 0.9981583 0.04616331 1.043834	0.1912035 -0.03782278 0.9808216 0.1525456	0 0 0 1	
-0.9807585 -0.04743845 0.1893745 0.2772528	-0.03936396 0.9981574 0.04617577 1.043839	0.191216 -0.03783274 0.9808187 0.1525329	0 0 0 1	
-0.9807531 -0.04742748 0.1894048 0.2772737	-0.03935169 0.998158 0.04617526 1.04384	0.1912459 -0.03783312 0.9808128 0.152524	0 0 0 1	
-0.9807667 -0.04744051 0.1893315 0.2771337	-0.03937844 0.9981594 0.04612086 1.043792	0.191171 -0.03777822 0.9808296 0.1526108	0 0 0 1	
-0.9807619 -0.0474464 0.1893553 0.2771357	-0.03938331 0.9981592 0.04612186 1.0438	0.1911951 -0.03777711 0.9808251 0.152605	0 0 0 1	
-0.9807595 -0.04745535 0.1893645 0.277133	-0.03939607 0.9981596 0.04610128 1.043806	0.1912037 -0.03775405 0.9808241 0.1526287	0 0 0 1	
-0.9807577 -0.04746591 0.1893725 0.2771288	-0.03940723 0.9981593 0.04609757 1.043816	0.191212 -0.03774788 0.9808229 0.1526344	0 0 0 1	
-0.9807535 -0.04746563 0.1893931 0.2771392	-0.03940742 0.9981596 0.04609094 1.043823	0.1912323 -0.03774035 0.9808191 0.1526368	0 0 0 1	
-0.9807513 -0.04747077 0.1894032 0.277141	-0.03941036 0.9981591 0.04610068 1.043836	0.191243 -0.03774885 0.9808166 0.1526247	0 0 0 1	
-0.9807471 -0.04749193 0.1894194 0.2771275	-0.03943258 0.9981585 0.04609394 1.043852	0.1912596 -0.03773721 0.9808137 0.1526341	0 0 0 1	
-0.9807407 -0.04750304 0.1894501 0.2771299	-0.03944305 0.9981582 0.04609209 1.043868	0.1912906 -0.0377319 0.980808 0.1526309	0 0 0 1	
-0.9807386 -0.04751466 0.189458 0.2771281	-0.03945581 0.998158 0.04608567 1.043886	0.1912987 -0.03772278 0.9808068 0.1526402	0 0 0 1	
-0.9807389 -0.04751436 0.1894569 0.2771377	-0.03945339 0.9981576 0.04609679 1.043905	0.1912981 -0.03773419 0.9808065 0.1526306	0 0 0 1	
-0.9807324 -0.04752797 0.189487 0.2771381	-0.0394627 0.9981564 0.04611399 1.043931	0.1913294 -0.03774781 0.9807999 0.1526088	0 0 0 1	
-0.9807264 -0.04753959 0.1895162 0.2771414	-0.03947674 0.9981566 0.04609682 1.043954	0.1913583 -0.03772687 0.9807953 0.1526252	0 0 0 1	
-0.9807247 -0.04754439 0.189523 0.2771478	-0.03948138 0.9981564 0.0460967 1.04398	0.1913652 -0.03772553 0.9807937 0.1526296	0 0 0 1	
-0.9807208 -0.04755057 0.1895412 0.2771533	-0.03948869 0.9981565 0.04608786 1.044006	0.1913833 -0.03771459 0.9807906 0.1526422	0 0 0 1	
-0.9807242 -0.04753452 0.1895275 0.2771764	-0.03947227 0.9981571 0.04609095 1.044029	0.1913691 -0.03772143 0.9807931 0.1526483	0 0 0 1	
-0.9807208 -0.04753365 0.1895459 0.2771878	-0.03947035 0.9981571 0.0460926 1.044059	0.1913875 -0.03772252 0.9807895 0.1526499	0 0 0 1	
-0.9807156 -0.04754961 0.1895684 0.2771821	-0.03948819 0.998157 0.0460799 1.044092	0.1914101 -0.03770556 0.9807858 0.1526701	0 0 0 1	
-0.9807101 -0.04755624 0.1895958 0.2771887	-0.03949365 0.9981567 0.04608104 1.044126	0.1914377 -0.0377043 0.9807806 0.1526732	0 0 0 1	
-0.9807059 -0.0475518 0.1896187 0.2772079	-0.03948851 0.998157 0.04607964 1.044158	0.1914604 -0.0377028 0.9807761 0.1526786	0 0 0 1	
-0.9807038 -0.04754419 0.1896318 0.2772295	-0.0394798 0.9981572 0.04608193 1.044189	0.1914732 -0.03770609 0.9807736 0.1526836	0 0 0 1	
-0.9807011 -0.04753968 0.1896449 0.2772476	-0.0394761 0.9981577 0.04607476 1.044221	0.1914859 -0.03769913 0.9807711 0.1526996	0 0 0 1	
-0.9806969 -0.04755111 0.189664 0.2772495	-0.03948765 0.9981574 0.04607132 1.04426	0.1915053 -0.03769261 0.9807676 0.1527127	0 0 0 1	
-0.9806917 -0.04755455 0.1896912 0.2772608	-0.03948679 0.9981566 0.0460882 1.044299	0.1915333 -0.03770801 0.9807616 0.1526987	0 0 0 1	
-0.9806882 -0.0475855 0.1897013 0.277237	-0.03952083 0.998156 0.04607322 1.044342	0.191544 -0.0376863 0.9807605 0.1527327	0 0 0 1	
-0.980687 -0.04760045 0.1897037 0.2772293	-0.03953293 0.9981548 0.04608866 1.044386	0.1915476 -0.037699 0.9807591 0.1527348	0 0 0 1	
-0.9806837 -0.04761005 0.1897172 0.2772289	-0.03953813 0.9981536 0.04610936 1.044431	0.1915622 -0.03771764 0.9807554 0.1527289	0 0 0 1	
-0.9806815 -0.04761076 0.1897294 0.2772361	-0.03953737 0.9981534 0.04611454 1.044473	0.1915746 -0.03772227 0.9807531 0.1527417	0 0 0 1	
-0.9806761 -0.04761338 0.1897564 0.2772421	-0.03953733 0.998153 0.04612295 1.044518	0.191602 -0.03772921 0.9807472 0.1527471	0 0 0 1	
-0.9806713 -0.04762154 0.1897798 0.27724	-0.03954667 0.9981531 0.04611301 1.044562	0.1916253 -0.03771654 0.9807434 0.1527765	0 0 0 1	
-0.9806679 -0.04761459 0.1897986 0.2772537	-0.03954001 0.9981537 0.04610711 1.044605	0.1916436 -0.03771111 0.98074 0.1527999	0 0 0 1	
-0.9806643 -0.04762493 0.1898153 0.2772471	-0.03955671 0.9981546 0.04607213 1.044649	0.1916592 -0.03767281 0.9807384 0.15286	0 0 0 1	
-0.9806606 -0.04760241 0.189841 0.2772782	-0.03953176 0.9981554 0.04607741 1.044692	0.1916842 -0.03768153 0.9807334 0.1528667	0 0 0 1	
-0.9806578 -0.04760554 0.1898525 0.2772776	-0.03953262 0.9981549 0.04608699 1.044745	0.1916962 -0.0376902 0.9807303 0.1528783	0 0 0 1	
-0.980654 -0.04760034 0.1898743 0.2772873	-0.03952554 0.9981549 0.04609177 1.044796	0.1917179 -0.03769519 0.980726 0.1528911	0 0 0 1	
-0.9806484 -0.04761026 0.1899005 0.2772792	-0.0395331 0.9981543 0.04609948 1.044851	0.1917448 -0.03770003 0.9807205 0.152901	0 0 0 1	
-0.9806441 -0.04762159 0.1899196 0.2772671	-0.03954469 0.998154 0.04609534 1.044904	0.1917641 -0.03769282 0.9807169 0.1529279	0 0 0 1	
-0.9806845 -0.04755135 0.1897278 0.2774222	-0.03945035 0.9981506 0.04625078 1.044431	0.1915762 -0.03787261 0.9807467 0.1526106	0 0 0 1	
-0.980685 -0.04755322 0.189726 0.2774135	-0.0394512 0.9981502 0.0462565 1.044439	0.1915746 -0.03787813 0.9807471 0.1526195	0 0 0 1	
-0.9806842 -0.04754988 0.189732 0.2774136	-0.03944639 0.9981502 0.04626254 1.044446	0.1915809 -0.03788468 0.9807457 0.1526235	0 0 0 1	
-0.9806798 -0.0475628 0.1897514 0.2773993	-0.0394605 0.99815 0.04625371 1.044457	0.1916003 -0.03787238 0.9807423 0.1526439	0 0 0 1	
-0.9806758 -0.04757848 0.1897672 0.2773799	-0.0394759 0.9981494 0.04625342 1.04447	0.1916167 -0.03786838 0.9807392 0.1526578	0 0 0 1	
-0.9806745 -0.04759842 0.189768 0.277351	-0.03949524 0.9981484 0.04625814 1.044485	0.1916185 -0.03786924 0.9807386 0.1526712	0 0 0 1	
-0.9807719 -0.04752002 0.1892847 0.2772582	-0.03938836 0.9981416 0.04649465 1.043926	0.1911424 -0.03814502 0.9808211 0.1521977	0 0 0 1	
-0.9807676 -0.04750954 0.1893097 0.2772785	-0.03938247 0.9981433 0.04646507 1.043913	0.1911657 -0.03811594 0.9808176 0.1522169	0 0 0 1	
-0.9807655 -0.04750666 0.1893214 0.277288	-0.03937989 0.9981436 0.04646086 1.043907	0.1911771 -0.03811175 0.9808156 0.1522132	0 0 0 1	
-0.980763 -0.04751373 0.1893332 0.2772864	-0.03939453 0.9981449 0.04642027 1.043897	0.1911876 -0.03806857 0.9808154 0.1522527	0 0 0 1	
-0.9807628 -0.04750517 0.1893352 0.2773007	-0.03939089 0.9981462 0.04639386 1.043885	0.1911882 -0.03804329 0.980816 0.1522772	0 0 0 1	
-0.9807607 -0.04750034 0.1893477 0.2773144	-0.03938891 0.9981471 0.04637632 1.043876	0.1911997 -0.03802586 0.9808145 0.1522898	0 0 0 1	
-0.9807544 -0.04752033 0.1893747 0.2773034	-0.03940542 0.9981458 0.0463905 1.043878	0.1912281 -0.03803529 0.9808085 0.1522674	0 0 0 1	
-0.9807535 -0.04752298 0.1893784 0.2773059	-0.03940818 0.9981458 0.04638943 1.043874	0.1912318 -0.03803354 0.9808079 0.1522657	0 0 0 1	
-0.9807527 -0.04752335 0.1893829 0.2773106	-0.03940916 0.9981459 0.0463854 1.043869	0.1912362 -0.03802918 0.9808072 0.1522654	0 0 0 1	
-0.9807504 -0.04753433 0.1893921 0.2773045	-0.03942257 0.9981461 0.04637207 1.043867	0.1912452 -0.0380131 0.9808061 0.1522751	0 0 0 1	
-0.9807481 -0.04753071 0.1894048 0.2773157	-0.03941935 0.9981464 0.04636711 1.043862	0.1912576 -0.03800824 0.9808037 0.1522701	0 0 0 1	
-0.9807469 -0.04753285 0.1894102 0.2773189	-0.03942126 0.9981463 0.04636741 1.043864	0.191263 -0.0380079 0.9808027 0.1522628	0 0 0 1	
-0.9807497 -0.04751794 0.1894 0.2773369	-0.0394091 0.9981474 0.04635402 1.043861	0.1912518 -0.0379976 0.9808054 0.1522714	0 0 0 1	
-0.9807478 -0.0475144 0.1894099 0.2773458	-0.03940717 0.998148 0.04634345 1.043863	0.1912611 -0.03798714 0.9808038 0.1522732	0 0 0 1	
-0.9807488 -0.04750467 0.1894074 0.2773609	-0.03940201 0.9981493 0.04631959 1.043863	0.1912572 -0.03796485 0.9808054 0.1522928	0 0 0 1	
-0.9807401 -0.04750055 0.1894533 0.2773806	-0.03940053 0.9981504 0.04629645 1.043865	0.191302 -0.03794022 0.9807976 0.1522964	0 0 0 1	
-0.9807383 -0.04750824 0.1894605 0.2773789	-0.03941183 0.9981508 0.04627718 1.043872	0.1913087 -0.03791882 0.9807972 0.1523101	0 0 0 1	
-0.9807359 -0.04751734 0.1894712 0.2773764	-0.03942033 0.9981504 0.04627895 1.043884	0.1913198 -0.03791841 0.9807951 0.1522983	0 0 0 1	
-0.9807569 -0.04753444 0.1893584 0.2769858	-0.0394294 0.998147 0.04634444 1.043833	0.1912105 -0.03798634 0.9808139 0.1524212	0 0 0 1	
-0.9807538 -0.04754617 0.189372 0.2769727	-0.03944067 0.9981465 0.04634513 1.043839	0.1912245 -0.03798419 0.9808112 0.1524184	0 0 0 1	
-0.9807465 -0.04754847 0.1894087 0.2769732	-0.03944638 0.9981475 0.04632036 1.043839	0.1912603 -0.03795704 0.9808053 0.1524362	0 0 0 1	
-0.9807419 -0.04756022 0.18943 0.2769592	-0.03946304 0.9981481 0.04629204 1.043842	0.1912809 -0.03792505 0.9808025 0.1524661	0 0 0 1	
-0.9807373 -0.04756913 0.189452 0.2769488	-0.03947303 0.9981481 0.04628289 1.043847	0.1913028 -0.0379131 0.9807988 0.1524743	0 0 0 1	
-0.9807336 -0.04756347 0.1894715 0.2769539	-0.03946505 0.9981481 0.04629033 1.043854	0.1913223 -0.03792099 0.9807945 0.1524613	0 0 0 1	
-0.9807302 -0.04756605 0.1894892 0.2769487	-0.03946781 0.9981482 0.04628604 1.043862	0.1913399 -0.03791539 0.9807914 0.1524655	0 0 0 1	
-0.9807277 -0.04757161 0.1894998 0.2769412	-0.03947575 0.9981486 0.04627219 1.043872	0.1913502 -0.03789977 0.9807898 0.1524834	0 0 0 1	
-0.9807242 -0.04756523 0.1895196 0.2769502	-0.03946988 0.9981492 0.04626499 1.043882	0.1913694 -0.03789288 0.9807864 0.1524891	0 0 0 1	
-0.9807205 -0.04756883 0.1895378 0.2769476	-0.03947433 0.9981493 0.04625734 1.043896	0.1913874 -0.03788364 0.9807832 0.1524978	0 0 0 1	
-0.9807168 -0.0475644 0.1895573 0.2769536	-0.03947056 0.9981498 0.04624962 1.043909	0.1914064 -0.03787585 0.9807798 0.1525044	0 0 0 1	
-0.9807138 -0.04755853 0.1895756 0.2769616	-0.03946689 0.9981506 0.0462341 1.043921	0.1914238 -0.03786046 0.9807771 0.1525199	0 0 0 1	
-0.9807117 -0.04755419 0.1895867 0.2769661	-0.0394644 0.9981513 0.04622207 1.043932	0.1914342 -0.0378486 0.9807754 0.1525334	0 0 0 1	
-0.9807103 -0.0475484 0.1895955 0.2769714	-0.03945931 0.9981518 0.04621611 1.043946	0.1914426 -0.0378433 0.9807739 0.1525413	0 0 0 1	
-0.9807112 -0.04754676 0.1895912 0.2769707	-0.03946099 0.9981525 0.04619987 1.04396	0.1914375 -0.03782728 0.9807756 0.1525656	0 0 0 1	
-0.9807047 -0.04754895 0.1896261 0.2769745	-0.03946548 0.9981532 0.04618124 1.043974	0.1914718 -0.03780646 0.98077 0.1525809	0 0 0 1	
-0.9807011 -0.04756701 0.1896389 0.2769567	-0.03948257 0.9981523 0.0461853 1.043995	0.1914854 -0.03780653 0.9807671 0.1525784	0 0 0 1	
-0.9806962 -0.04756615 0.1896641 0.2769609	-0.03948334 0.9981529 0.04617175 1.04401	0.19151 -0.03779189 0.9807628 0.1525893	0 0 0 1	
-0.9806944 -0.04756639 0.189673 0.2769602	-0.03948443 0.9981532 0.04616567 1.044028	0.1915186 -0.03778528 0.9807614 0.1525965	0 0 0 1	
-0.9806933 -0.04756011 0.1896811 0.2769675	-0.03947985 0.9981538 0.04615477 1.044044	0.191526 -0.03777509 0.9807605 0.1526086	0 0 0 1	
-0.9806881 -0.04755328 0.1897101 0.276978	-0.0394771 0.9981552 0.04612747 1.044059	0.1915536 -0.03774745 0.9807562 0.152633	0 0 0 1	
-0.9806812 -0.04755557 0.1897447 0.2769783	-0.03947463 0.9981545 0.04614504 1.044084	0.191589 -0.03776347 0.9807485 0.1526088	0 0 0 1	
-0.9806803 -0.04756639 0.1897468 0.2769611	-0.03948686 0.9981543 0.04613847 1.044109	0.1915913 -0.03775457 0.9807487 0.1526266	0 0 0 1	
-0.980678 -0.04757869 0.1897557 0.2769431	-0.0394989 0.9981538 0.04613911 1.044137	0.1916007 -0.03775246 0.9807467 0.1526357	0 0 0 1	
-0.9806757 -0.04758476 0.1897653 0.2769297	-0.03950769 0.9981542 0.04612384 1.044161	0.1916098 -0.03773534 0.9807456 0.152663	0 0 0 1	
-0.980674 -0.0475896 0.1897735 0.2769189	-0.03951231 0.998154 0.04612376 1.044188	0.1916182 -0.03773398 0.9807441 0.152674	0 0 0 1	
-0.9806731 -0.04759252 0.1897774 0.2769088	-0.0395175 0.9981543 0.04611156 1.044213	0.1916217 -0.03772084 0.9807438 0.1527014	0 0 0 1	
-0.9806708 -0.04758647 0.1897903 0.2769095	-0.03951541 0.9981555 0.0460882 1.044234	0.1916334 -0.03769771 0.9807425 0.1527359	0 0 0 1	
-0.9806697 -0.04759507 0.1897941 0.2768913	-0.03952438 0.9981552 0.04608631 1.044263	0.1916375 -0.03769395 0.9807419 0.152753	0 0 0 1	
-0.9806682 -0.0475959 0.1898022 0.2768822	-0.0395276 0.9981557 0.04607258 1.044289	0.1916451 -0.03767948 0.980741 0.1527825	0 0 0 1	
-0.9806697 -0.0475913 0.1897951 0.2768767	-0.03952275 0.9981558 0.04607479 1.044316	0.1916378 -0.03768293 0.9807422 0.1527973	0 0 0 1	
-0.9806664 -0.04759263 0.1898114 0.2768698	-0.03952543 0.9981562 0.04606475 1.044345	0.1916537 -0.03767178 0.9807395 0.1528204	0 0 0 1	
-0.9806614 -0.0475867 0.1898381 0.2768727	-0.03952178 0.9981571 0.04604721 1.044371	0.1916795 -0.03765399 0.9807349 0.1528483	0 0 0 1	
-0.9806546 -0.04758266 0.1898745 0.2768764	-0.03951346 0.9981568 0.04606146 1.044403	0.1917163 -0.03766778 0.9807273 0.1528381	0 0 0 1	
-0.9806526 -0.04757452 0.1898881 0.2768794	-0.03950666 0.9981576 0.04605115 1.04443	0.1917291 -0.03765832 0.9807253 0.1528616	0 0 0 1	
-0.9806436 -0.04758221 0.1899324 0.2768701	-0.03951232 0.9981573 0.04605339 1.044465	0.1917737 -0.0376573 0.9807166 0.1528674	0 0 0 1	
-0.9806411 -0.04758453 0.1899438 0.2768592	-0.03951265 0.9981568 0.0460615 1.044501	0.1917855 -0.03766463 0.9807138 0.1528756	0 0 0 1	
-0.9806401 -0.04759429 0.1899473 0.2768391	-0.03951911 0.9981558 0.04607857 1.044541	0.1917901 -0.03767994 0.9807125 0.1528771	0 0 0 1	
-0.9806377 -0.04759534 0.1899595 0.2768292	-0.03951664 0.9981552 0.04609425 1.044576	0.191803 -0.03769519 0.9807094 0.1528758	0 0 0 1	
-0.9806348 -0.04761761 0.1899698 0.2767946	-0.03954172 0.9981548 0.04607984 1.044613	0.1918135 -0.03767575 0.9807082 0.1529115	0 0 0 1	
-0.9806293 -0.04759938 0.190001 0.2768063	-0.03952463 0.9981562 0.04606608 1.044641	0.1918433 -0.03766403 0.9807025 0.1529309	0 0 0 1	
-0.9806271 -0.04759544 0.1900144 0.2767983	-0.03952176 0.9981567 0.04605757 1.044675	0.1918563 -0.03765559 0.9807006 0.1529518	0 0 0 1	
-0.980674 -0.0474918 0.189798 0.2770936	-0.03940253 0.9981561 0.04617121 1.043827	0.1916408 -0.03780038 0.9807371 0.152876	0 0 0 1	
-0.9806682 -0.04749677 0.1898268 0.2770983	-0.03940693 0.9981561 0.04616873 1.043819	0.1916696 -0.03779571 0.9807316 0.152871	0 0 0 1	
-0.9806662 -0.04749819 0.189837 0.2771031	-0.03941091 0.9981566 0.04615374 1.043809	0.1916793 -0.03777976 0.9807303 0.1528867	0 0 0 1	
-0.9806645 -0.04750162 0.1898458 0.2771041	-0.03941287 0.9981562 0.04615981 1.043804	0.1916884 -0.0377849 0.9807285 0.1528809	0 0 0 1	
-0.9806622 -0.04751418 0.1898529 0.2770924	-0.03942198 0.9981551 0.04617716 1.043802	0.1916967 -0.03779982 0.9807261 0.1528665	0 0 0 1	
-0.9806629 -0.04751163 0.1898511 0.2770948	-0.0394232 0.9981559 0.04615808 1.043789	0.191694 -0.03778097 0.9807276 0.152893	0 0 0 1	
-0.9807497 -0.04736388 0.1894383 0.2771084	-0.03928592 0.9981606 0.04617393 1.043699	0.1912768 -0.0378428 0.9808065 0.1527055	0 0 0 1	
-0.9807515 -0.04735552 0.1894318 0.2771171	-0.03927662 0.9981607 0.04617928 1.043697	0.1912702 -0.03785015 0.9808077 0.1527073	0 0 0 1	
-0.98075 -0.04734066 0.1894421 0.2771359	-0.03926147 0.9981614 0.04617733 1.043693	0.1912799 -0.03785064 0.9808054 0.1527117	0 0 0 1	
-0.9807458 -0.04735425 0.1894612 0.2771256	-0.03927504 0.998161 0.04617481 1.043694	0.1912994 -0.03784465 0.9808019 0.1527195	0 0 0 1	
-0.9807421 -0.04736308 0.1894785 0.2771208	-0.0392811 0.9981602 0.04618641 1.043697	0.1913174 -0.03785402 0.9807982 0.1527084	0 0 0 1	
-0.9807373 -0.04736396 0.1895028 0.2771268	-0.03928012 0.99816 0.04619111 1.043698	0.1913419 -0.03785764 0.9807932 0.1527004	0 0 0 1	
-0.9807483 -0.04736703 0.1894445 0.2770564	-0.03928134 0.998159 0.04621259 1.043629	0.1912846 -0.03788129 0.9808034 0.1526671	0 0 0 1	
-0.9807428 -0.04736832 0.1894724 0.2770655	-0.0392813 0.9981589 0.04621392 1.04363	0.1913126 -0.03788125 0.9807979 0.1526559	0 0 0 1	
-0.9807369 -0.04736916 0.1895035 0.2770756	-0.03928718 0.9981602 0.04618189 1.043627	0.1913424 -0.03784722 0.9807935 0.1526799	0 0 0 1	
-0.9807322 -0.04736317 0.1895287 0.2770907	-0.03927944 0.9981604 0.04618524 1.043629	0.1913675 -0.03785077 0.9807885 0.1526628	0 0 0 1	
-0.9807302 -0.04737247 0.1895375 0.2770859	-0.03928917 0.9981601 0.04618213 1.043636	0.1913766 -0.03784543 0.9807869 0.1526603	0 0 0 1	
-0.9807248 -0.04737373 0.1895645 0.2770941	-0.03928914 0.99816 0.04618343 1.043642	0.1914036 -0.03784541 0.9807817 0.1526452	0 0 0 1	
-0.9807227 -0.04738365 0.1895732 0.2770887	-0.03930097 0.9981601 0.04617272 1.043647	0.1914123 -0.03783222 0.9807804 0.1526486	0 0 0 1	
-0.9807163 -0.04740764 0.1896002 0.277071	-0.03932311 0.9981589 0.046179 1.043659	0.1914404 -0.03783282 0.980775 0.1526293	0 0 0 1	
-0.980711 -0.04740573 0.1896279 0.277082	-0.03931947 0.9981589 0.0461821 1.043664	0.191468 -0.03783522 0.9807694 0.1526066	0 0 0 1	
-0.9807086 -0.04741403 0.1896386 0.2770776	-0.03932744 0.9981586 0.0461824 1.043673	0.1914791 -0.03783347 0.9807674 0.152594	0 0 0 1	
-0.9807081 -0.04741587 0.1896419 0.2770799	-0.03933377 0.9981594 0.04615898 1.043678	0.1914815 -0.03780914 0.9807681 0.1526094	0 0 0 1	
-0.9807047 -0.04741946 0.189658 0.2770831	-0.03933828 0.9981596 0.04615125 1.043685	0.1914975 -0.03779992 0.9807651 0.1526031	0 0 0 1	
-0.9807037 -0.04740657 0.1896662 0.277104	-0.03932941 0.998161 0.04612788 1.043688	0.1915042 -0.03777831 0.9807646 0.1526149	0 0 0 1	
-0.9807023 -0.04739183 0.1896778 0.2771278	-0.03931828 0.9981624 0.04610576 1.043691	0.1915143 -0.03775821 0.9807636 0.1526253	0 0 0 1	
-0.9806988 -0.04741179 0.1896898 0.2771124	-0.0393377 0.9981616 0.0461079 1.043709	0.1915272 -0.03775599 0.9807611 0.1526147	0 0 0 1	
-0.980696 -0.04741533 0.1897039 0.2771151	-0.0393409 0.9981616 0.0461071 1.043723	0.1915413 -0.03775392 0.9807583 0.1526023	0 0 0 1	
-0.9806895 -0.04739496 0.1897413 0.2771486	-0.03932168 0.998163 0.04609188 1.043728	0.1915773 -0.03774087 0.9807518 0.1525932	0 0 0 1	
-0.9806883 -0.04737058 0.1897541 0.2771814	-0.03929705 0.9981641 0.04608837 1.043736	0.1915889 -0.03774155 0.9807495 0.1525766	0 0 0 1	
-0.9807625 -0.04733266 0.1893803 0.2771397	-0.03925612 0.9981617 0.04617544 1.043683	0.1912177 -0.0378528 0.9808177 0.1526012	0 0 0 1	
-0.9807589 -0.04733836 0.189397 0.2771373	-0.03926124 0.9981615 0.0461756 1.043696	0.1912347 -0.03785116 0.9808143 0.152589	0 0 0 1	
-0.980756 -0.04733337 0.1894134 0.2771472	-0.03925664 0.9981619 0.04616985 1.043707	0.1912506 -0.03784562 0.9808115 0.152582	0 0 0 1	
-0.9807539 -0.04735266 0.1894195 0.2771288	-0.03928094 0.9981622 0.04614467 1.043723	0.1912565 -0.03781598 0.9808115 0.1526049	0 0 0 1	
-0.9807494 -0.04735702 0.1894408 0.2771313	-0.03928738 0.9981626 0.04613015 1.043739	0.1912773 -0.03779949 0.9808079 0.1526093	0 0 0 1	
-0.9807467 -0.04735763 0.1894548 0.2771351	-0.03928807 0.9981627 0.04612698 1.043759	0.1912912 -0.03779557 0.9808054 0.1526017	0 0 0 1	
-0.9807969 -0.0475096 0.1891575 0.2768457	-0.03943079 0.9981514 0.04624818 1.04369	0.1910051 -0.03790143 0.9808571 0.1526533	0 0 0 1	
-0.9807957 -0.04749345 0.1891673 0.2768639	-0.03941843 0.998153 0.04622526 1.043696	0.1910133 -0.03788085 0.9808563 0.152675	0 0 0 1	
-0.9807942 -0.04749354 0.1891753 0.2768635	-0.03941966 0.9981533 0.04621777 1.04371	0.191021 -0.03787288 0.9808551 0.1526839	0 0 0 1	
-0.9807918 -0.04747918 0.1891909 0.2768813	-0.03940546 0.9981541 0.0462125 1.043721	0.1910359 -0.03786968 0.9808524 0.1526846	0 0 0 1	
-0.9807899 -0.04748457 0.1891992 0.2768757	-0.03941089 0.9981539 0.04621108 1.043737	0.1910442 -0.03786685 0.9808507 0.1526862	0 0 0 1	
-0.9807869 -0.04748494 0.1892148 0.2768773	-0.03941318 0.9981545 0.04619819 1.043753	0.1910594 -0.03785302 0.9808483 0.1526981	0 0 0 1	
-0.9808403 -0.0474065 0.1889581 0.2767064	-0.0393542 0.9981593 0.04614284 1.043499	0.1907978 -0.03782245 0.9809006 0.1529046	0 0 0 1	
-0.9808363 -0.04741603 0.1889763 0.2766965	-0.03936091 0.9981585 0.04615453 1.043509	0.1908168 -0.03783175 0.9808965 0.1528899	0 0 0 1	
-0.9808348 -0.04741955 0.1889829 0.2766896	-0.0393655 0.9981587 0.04614802 1.043515	0.1908232 -0.03782418 0.9808954 0.152899	0 0 0 1	
-0.9808298 -0.04742478 0.1890072 0.276682	-0.03936968 0.9981585 0.04614896 1.043524	0.1908477 -0.03782313 0.9808906 0.1528949	0 0 0 1	
-0.980827 -0.04741339 0.1890265 0.2766911	-0.03935653 0.9981588 0.0461531 1.043531	0.1908667 -0.03782877 0.9808871 0.1528857	0 0 0 1	
-0.9808198 -0.04743418 0.1890574 0.2766664	-0.03937638 0.998158 0.04615357 1.043546	0.1908984 -0.03782393 0.9808809 0.1528831	0 0 0 1	
-0.9808662 -0.04731831 0.1888459 0.2766774	-0.03927414 0.9981638 0.04611563 1.043471	0.1906813 -0.03781649 0.9809235 0.152942	0 0 0 1	
-0.9808671 -0.04731752 0.1888409 0.2766763	-0.03927358 0.9981638 0.04611545 1.043477	0.1906762 -0.03781668 0.9809244 0.1529442	0 0 0 1	
-0.9808649 -0.04732575 0.1888509 0.2766686	-0.03927893 0.9981629 0.04612897 1.04349	0.190687 -0.03782842 0.9809219 0.1529278	0 0 0 1	
-0.9808633 -0.04733064 0.1888568 0.2766632	-0.03928491 0.998163 0.04612257 1.043502	0.1906928 -0.03782072 0.9809209 0.1529347	0 0 0 1	
-0.9808625 -0.04733801 0.1888605 0.2766548	-0.03929524 0.9981633 0.04610733 1.043515	0.1906962 -0.03780362 0.980921 0.152954	0 0 0 1	
-0.9808666 -0.04734904 0.1888357 0.2766378	-0.03930609 0.9981626 0.04611421 1.043532	0.1906722 -0.03780948 0.9809253 0.1529571	0 0 0 1	
-0.9808962 -0.047418 0.1886648 0.2764648	-0.03938066 0.9981591 0.04612606 1.043494	0.1905047 -0.03781513 0.9809579 0.1530045	0 0 0 1	
-0.9808953 -0.04741192 0.1886707 0.2764762	-0.03937448 0.9981594 0.04612488 1.043501	0.1905103 -0.03781487 0.9809566 0.1530049	0 0 0 1	
-0.9808964 -0.04741599 0.1886638 0.2764757	-0.03937722 0.9981589 0.04613351 1.043512	0.1905039 -0.03782314 0.9809575 0.1530004	0 0 0 1	
-0.9808953 -0.04742759 0.1886663 0.27647	-0.03938599 0.9981578 0.04614859 1.043528	0.1905074 -0.03783613 0.9809563 0.1529894	0 0 0 1	
-0.980893 -0.047443 0.1886762 0.2764625	-0.03940043 0.998157 0.04615304 1.043542	0.1905181 -0.03783726 0.9809545 0.1529888	0 0 0 1	
-0.9808906 -0.04745903 0.1886838 0.2764548	-0.03941422 0.998156 0.04616445 1.043558	0.1905267 -0.03784544 0.9809524 0.1529797	0 0 0 1	
-0.980912 -0.04747054 0.1885687 0.2763168	-0.03942079 0.9981534 0.04621423 1.043504	0.1904143 -0.03789857 0.9809721 0.1529615	0 0 0 1	
-0.980907 -0.04747457 0.1885938 0.2763217	-0.03942481 0.9981534 0.04620951 1.043511	0.1904394 -0.03789196 0.9809674 0.1529578	0 0 0 1	
-0.9809031 -0.0474763 0.1886131 0.2763261	-0.03942571 0.9981534 0.04621003 1.04352	0.1904587 -0.03789136 0.9809637 0.1529478	0 0 0 1	
-0.9809003 -0.0474874 0.1886255 0.2763185	-0.03943763 0.9981532 0.04620437 1.04353	0.1904712 -0.03788293 0.9809616 0.1529482	0 0 0 1	
-0.9808952 -0.04748118 0.1886546 0.2763332	-0.03942881 0.9981532 0.04621126 1.043538	0.1905004 -0.03788996 0.9809557 0.1529239	0 0 0 1	
-0.9808927 -0.04749054 0.1886647 0.2763256	-0.03943976 0.9981532 0.0462019 1.043549	0.1905104 -0.03787822 0.9809542 0.1529258	0 0 0 1	
-0.9809089 -0.04757403 0.1885587 0.2761086	-0.03951934 0.9981478 0.04625105 1.043442	0.1904098 -0.03791635 0.9809722 0.1529609	0 0 0 1	
-0.9809104 -0.0475658 0.1885538 0.2761153	-0.03950998 0.9981479 0.04625712 1.043442	0.1904048 -0.03792433 0.980973 0.1529517	0 0 0 1	
-0.9809109 -0.04757141 0.1885504 0.2761056	-0.0395125 0.998147 0.04627426 1.043447	0.1904023 -0.03794082 0.9809729 0.1529309	0 0 0 1	
-0.9809051 -0.04757498 0.1885796 0.2761043	-0.03951832 0.9981475 0.04625709 1.043445	0.1904309 -0.03792145 0.9809681 0.1529399	0 0 0 1	
-0.9809014 -0.04757368 0.1885993 0.2761053	-0.03951819 0.998148 0.0462469 1.043443	0.1904501 -0.03791054 0.9809648 0.1529436	0 0 0 1	
-0.9808978 -0.04757362 0.1886173 0.276105	-0.03951818 0.9981482 0.04624306 1.043443	0.1904679 -0.03790589 0.9809614 0.1529397	0 0 0 1	
-0.9808977 -0.04755615 0.1886221 0.2761216	-0.03949903 0.9981487 0.04624911 1.043441	0.1904723 -0.03791525 0.9809601 0.1529235	0 0 0 1	
-0.9808991 -0.04755099 0.1886174 0.276123	-0.0394961 0.9981493 0.04623811 1.043441	0.190467 -0.03790526 0.9809619 0.1529305	0 0 0 1	
-0.9808952 -0.04755397 0.1886355 0.2761185	-0.03949709 0.998149 0.04624498 1.043444	0.1904855 -0.03791092 0.9809577 0.1529116	0 0 0 1	
-0.9808944 -0.04755785 0.1886386 0.2761093	-0.03950407 0.9981495 0.04622873 1.043445	0.190488 -0.03789351 0.980958 0.1529248	0 0 0 1	
-0.9808935 -0.04755351 0.1886449 0.2761093	-0.03950162 0.9981501 0.04621731 1.043443	0.1904937 -0.03788247 0.9809574 0.1529292	0 0 0 1	
-0.9808891 -0.04756743 0.1886638 0.2760916	-0.03951878 0.9981503 0.04619812 1.043443	0.1905123 -0.03785947 0.9809545 0.1529409	0 0 0 1	
-0.9808758 -0.04753986 0.1887414 0.2761019	-0.03950685 0.9981553 0.04609941 1.04337	0.1905848 -0.03776121 0.9809446 0.1530994	0 0 0 1	
-0.9808784 -0.04752986 0.1887291 0.2761095	-0.03949793 0.9981558 0.04609543 1.043366	0.190572 -0.0377596 0.9809468 0.1531029	0 0 0 1	
-0.9808778 -0.04752594 0.1887329 0.2761136	-0.03949642 0.9981565 0.04608187 1.043363	0.1905751 -0.03774641 0.9809467 0.1531156	0 0 0 1	
-0.9808762 -0.04750929 0.188745 0.2761331	-0.03948185 0.9981578 0.04606725 1.043358	0.1905859 -0.03773427 0.980945 0.1531247	0 0 0 1	
-0.980873 -0.04751399 0.1887602 0.2761313	-0.03948522 0.9981575 0.04607146 1.043363	0.1906015 -0.03773702 0.9809419 0.1531166	0 0 0 1	
-0.9808747 -0.04752533 0.18875 0.2761183	-0.03949834 0.9981572 0.04606539 1.043368	0.1905914 -0.03772906 0.9809443 0.1531309	0 0 0 1	
-0.9808687 -0.04753178 0.1887784 0.2761187	-0.03950668 0.9981576 0.04605047 1.043371	0.1906194 -0.03771146 0.9809394 0.1531428	0 0 0 1	
-0.9808666 -0.04752352 0.1887933 0.2761325	-0.0394959 0.9981576 0.04605974 1.043376	0.1906344 -0.03772188 0.9809364 0.1531271	0 0 0 1	
-0.9808618 -0.04752815 0.1888158 0.2761328	-0.03949658 0.9981568 0.04607593 1.043385	0.1906577 -0.03773654 0.980931 0.1531057	0 0 0 1	
-0.9808611 -0.04752268 0.1888208 0.2761418	-0.03949118 0.9981571 0.0460741 1.043388	0.1906623 -0.03773554 0.9809301 0.1531072	0 0 0 1	
-0.9808583 -0.04752011 0.1888352 0.2761502	-0.03948962 0.9981576 0.04606575 1.043392	0.1906763 -0.03772695 0.9809277 0.1531136	0 0 0 1	
-0.9808549 -0.04751846 0.1888545 0.2761595	-0.0394885 0.9981579 0.04605896 1.043398	0.1906953 -0.03771957 0.9809245 0.1531171	0 0 0 1	
-0.9808527 -0.04751164 0.1888669 0.2761743	-0.03948035 0.998158 0.04606273 1.043406	0.1907075 -0.03772422 0.9809219 0.1531108	0 0 0 1	
-0.9808475 -0.04751238 0.1888951 0.2761853	-0.03947541 0.9981571 0.04608634 1.043419	0.1907366 -0.03774695 0.9809155 0.1530782	0 0 0 1	
-0.9808435 -0.04752436 0.1889118 0.2761812	-0.03948639 0.9981566 0.04608918 1.043434	0.1907539 -0.03774683 0.980912 0.1530744	0 0 0 1	
-0.9808447 -0.04751613 0.1889071 0.2761952	-0.03947837 0.998157 0.04608831 1.043445	0.1907488 -0.03774773 0.9809128 0.153077	0 0 0 1	
-0.9808445 -0.04750878 0.1889097 0.27621	-0.03946943 0.998157 0.04609532 1.043459	0.1907515 -0.03775618 0.980912 0.1530681	0 0 0 1	
-0.9808471 -0.04750231 0.1888979 0.2762204	-0.03946238 0.998157 0.04610006 1.043474	0.1907396 -0.03776275 0.9809141 0.1530671	0 0 0 1	
-0.9808468 -0.04750591 0.1889004 0.2762226	-0.03946966 0.9981576 0.04608093 1.043491	0.1907415 -0.03774249 0.9809148 0.1530896	0 0 0 1	
-0.9808427 -0.04751557 0.188917 0.2762206	-0.03947753 0.998157 0.04608774 1.043514	0.1907587 -0.03774685 0.9809109 0.1530799	0 0 0 1	
-0.9808393 -0.04752533 0.1889337 0.2762182	-0.03948805 0.9981569 0.0460813 1.043536	0.1907755 -0.03773773 0.980908 0.1530859	0 0 0 1	
-0.9808416 -0.04752978 0.188921 0.276215	-0.03949453 0.998157 0.04607383 1.043561	0.1907627 -0.03772978 0.9809111 0.1531006	0 0 0 1	
-0.9808395 -0.04754224 0.1889277 0.2762065	-0.03951049 0.9981572 0.0460556 1.043587	0.1907692 -0.03770852 0.9809104 0.1531254	0 0 0 1	
-0.9808371 -0.04755714 0.1889373 0.2761957	-0.03952401 0.9981564 0.0460621 1.043619	0.1907796 -0.03771185 0.9809084 0.1531236	0 0 0 1	
-0.9808362 -0.0475587 0.1889412 0.2761995	-0.03952513 0.9981562 0.04606371 1.043647	0.1907836 -0.03771302 0.9809074 0.1531283	0 0 0 1	
-0.9808377 -0.04755536 0.1889339 0.2762057	-0.03952035 0.9981561 0.04607233 1.043675	0.1907765 -0.03772274 0.9809085 0.1531294	0 0 0 1	
-0.9808356 -0.04754722 0.1889477 0.2762217	-0.03950946 0.998156 0.04608297 1.043704	0.1907904 -0.03773458 0.9809054 0.1531215	0 0 0 1	
-0.9808279 -0.04754277 0.1889875 0.276238	-0.03950018 0.9981556 0.04609931 1.043736	0.1908306 -0.03775045 0.9808968 0.1530998	0 0 0 1	
-0.9808261 -0.04753865 0.1889989 0.2762481	-0.03949613 0.9981559 0.04609633 1.043767	0.1908417 -0.03774776 0.980895 0.1531078	0 0 0 1	
-0.9808275 -0.04753048 0.1889936 0.2762586	-0.0394867 0.998156 0.04610312 1.0438	0.1908364 -0.03775647 0.9808955 0.153108	0 0 0 1	
