0.8646340885709088 -2.3193262347162307 -89.41839525426114
24.021595957625433 51.25587678391148 -11.303726777075559
23.98217481915817 50.18697187196394 -15.641177750790414
35.22029192650821 -19.35234428096627 40.83900289495615
24.021595957625426 -51.25587678391148 -11.303726777075562
24.021595957625426 -51.25587678391148 -11.303726777075562
23.265581050434577 48.94656454681063 -19.872663981969257
23.265581050434577 48.94656454681063 -19.872663981969257
23.265581050434577 48.94656454681063 -19.872663981969257
23.265581050434577 48.94656454681063 -19.872663981969257
23.265581050434577 48.94656454681063 -19.872663981969257
