-1.192093E-07 1 0 0	-1 -1.192093E-07 0 0	0 0 -1 0	0 0 0 1	
0.3409309 -0.1054118 -0.9341598 0	0.1858646 0.9816368 -0.04293601 0	-0.9215316 0.158989 -0.3542626 0	0 0 0 1	
0.3452843 -0.1063923 -0.9324481 0	0.1867482 0.9814736 -0.04283353 0	-0.9197304 0.1593432 -0.3587561 0	0 0 0 1	
0.3458294 -0.1069639 -0.9321807 0	0.1875123 0.981319 -0.04303716 0	-0.91937 0.1599118 -0.359426 0	0 0 0 1	
0.3493736 -0.1074453 -0.9308026 0	0.1883809 0.9811738 -0.04255168 0	-0.9178512 0.160479 -0.3630369 0	0 0 0 1	
0.3493837 -0.1075901 -0.9307821 0	0.1886612 0.9811182 -0.04259157 0	-0.9177898 0.1607216 -0.3630848 0	0 0 0 1	
0.3494347 -0.1076872 -0.9307518 0	0.1889359 0.981066 -0.04257575 0	-0.9177139 0.160975 -0.3631645 0	0 0 0 1	
0.3491541 -0.1079646 -0.9308249 0	0.1894043 0.9809688 -0.04273481 0	-0.917724 0.1613812 -0.3629583 0	0 0 0 1	
0.3488913 -0.1086015 -0.9308495 0	0.1906248 0.980722 -0.04297199 0	-0.9175714 0.1624504 -0.3628675 0	0 0 0 1	
0.3482161 -0.1092229 -0.9310296 0	0.1916456 0.9805064 -0.04334945 0	-0.9176152 0.1633328 -0.3623602 0	0 0 0 1	
0.3479327 -0.1099301 -0.9310522 0	0.1926669 0.9802887 -0.04374419 0	-0.9175087 0.1641629 -0.3622544 0	0 0 0 1	
0.3485913 -0.1084606 -0.9309782 0	0.1874243 0.9812866 -0.04414333 0	-0.9183443 0.1591 -0.3623962 0	0 0 0 1	
0.3498206 -0.1085457 -0.9305071 0	0.1889265 0.9810311 -0.04341326 0	-0.9175687 0.1606106 -0.363692 0	0 0 0 1	
0.3485329 -0.1093607 -0.9308947 0	0.192091 0.9804232 -0.04325916 0	-0.9174017 0.1637393 -0.3627169 0	0 0 0 1	
0.3462683 -0.1100716 -0.9316558 0	0.1943288 0.9799691 -0.04355344 0	-0.9177878 0.1659664 -0.3607223 0	0 0 0 1	
0.3450837 -0.1104841 -0.9320464 0	0.1956087 0.9797074 -0.04371105 0	-0.9179622 0.1672324 -0.3596927 0	0 0 0 1	
0.3443624 -0.1105633 -0.9323037 0	0.1967746 0.9794843 -0.04347645 0	-0.9179838 0.1684821 -0.3590537 0	0 0 0 1	
0.3434516 -0.1110921 -0.9325768 0	0.1981326 0.9792016 -0.04367749 0	-0.9180329 0.1697728 -0.3583193 0	0 0 0 1	
0.3432848 -0.1113992 -0.9326017 0	0.1987063 0.9790795 -0.04380848 0	-0.9179714 0.170275 -0.3582388 0	0 0 0 1	
0.3412337 -0.1107585 -0.9334303 0	0.1983037 0.9791663 -0.04369167 0	-0.9188227 0.1701936 -0.3560884 0	0 0 0 1	
0.3386962 -0.1098794 -0.9344579 0	0.1981939 0.9792057 -0.04330537 0	-0.9197849 0.1705364 -0.3534307 0	0 0 0 1	
0.3366182 -0.1095269 -0.9352499 0	0.1983206 0.9791807 -0.04329138 0	-0.9205202 0.1709066 -0.3513315 0	0 0 0 1	
0.3356091 -0.109263 -0.9356433 0	0.1979438 0.9792541 -0.0433547 0	-0.9209695 0.1706545 -0.3502745 0	0 0 0 1	
0.333923 -0.1091819 -0.9362557 0	0.1968242 0.9794501 -0.04402008 0	-0.921822 0.1695785 -0.3485506 0	0 0 0 1	
0.3316364 -0.1091613 -0.9370705 0	0.196309 0.9795258 -0.04463175 0	-0.9227568 0.1691538 -0.3462757 0	0 0 0 1	
0.3290311 -0.1087662 -0.9380344 0	0.1957128 0.979631 -0.04493983 0	-0.9238155 0.1687987 -0.3436159 0	0 0 0 1	
0.3256996 -0.1076522 -0.9393247 0	0.195063 0.9797738 -0.04465207 0	-0.9251326 0.1686843 -0.3401109 0	0 0 0 1	
0.3232378 -0.106863 -0.9402646 0	0.1945179 0.9798892 -0.04449634 0	-0.9261102 0.1685154 -0.337524 0	0 0 0 1	
0.318871 -0.1053365 -0.9419265 0	0.1934596 0.9801159 -0.04411528 0	-0.927844 0.1681577 -0.3329089 0	0 0 0 1	
0.3153823 -0.1039321 -0.9432562 0	0.1929782 0.980239 -0.04348384 0	-0.9291359 0.1683139 -0.3292066 0	0 0 0 1	
0.3108582 -0.1023001 -0.9449349 0	0.1922582 0.9804065 -0.04289254 0	-0.9308082 0.168338 -0.3244354 0	0 0 0 1	
0.3069102 -0.1013722 -0.9463244 0	0.1918118 0.9804969 -0.04282475 0	-0.9322094 0.1683729 -0.3203689 0	0 0 0 1	
0.3013655 -0.09921061 -0.9483333 0	0.1909499 0.9807044 -0.04191626 0	-0.9341932 0.168452 -0.3144947 0	0 0 0 1	
0.2926459 -0.09651324 -0.9513378 0	0.188937 0.9811155 -0.04141431 0	-0.9373693 0.1676232 -0.3053544 0	0 0 0 1	
0.2848376 -0.09489095 -0.9538676 0	0.1874619 0.9813884 -0.04165009 0	-0.9400668 0.1669503 -0.2973248 0	0 0 0 1	
0.2755161 -0.09158467 -0.9569237 0	0.1860217 0.9817148 -0.04039826 0	-0.9431261 0.1668782 -0.2875149 0	0 0 0 1	
0.2614431 -0.0881125 -0.9611887 0	0.1845793 0.9820108 -0.03981572 0	-0.947406 0.167006 -0.2730037 0	0 0 0 1	
0.2508296 -0.08615121 -0.9641902 0	0.183529 0.9821995 -0.04001612 0	-0.9504746 0.1669196 -0.2621759 0	0 0 0 1	
0.2399379 -0.08335723 -0.967203 0	0.1823622 0.9824404 -0.0394311 0	-0.9535062 0.1669202 -0.2509259 0	0 0 0 1	
0.228417 -0.08162645 -0.9701355 0	0.1809561 0.9826744 -0.0400756 0	-0.9565985 0.166398 -0.2392304 0	0 0 0 1	
0.212254 -0.07841055 -0.9740636 0	0.177659 0.9832609 -0.04043805 0	-0.9609295 0.164468 -0.2226313 0	0 0 0 1	
0.1998148 -0.07494918 -0.9769629 0	0.1744368 0.9838636 -0.03980162 0	-0.9641814 0.1624654 -0.2096644 0	0 0 0 1	
0.1815785 -0.07016762 -0.9808699 0	0.1704501 0.9845989 -0.03888068 0	-0.9684916 0.1601295 -0.1907421 0	0 0 0 1	
0.1673926 -0.06840205 -0.9835147 -0.005205381	0.1670676 0.9851304 -0.04007979 0.0008727676	-0.9716318 0.1576044 -0.1763313 -0.0009152825	0 0 0 1	
0.1526716 -0.06545356 -0.9861071 -0.01052612	0.1631994 0.9857752 -0.04016458 0.002012218	-0.9747088 0.1548001 -0.1611819 -0.0016537	0 0 0 1	
0.1360312 -0.06147832 -0.9887952 -0.01596745	0.1600298 0.9863292 -0.03930927 0.003411441	-0.9776942 0.1528895 -0.1440099 -0.002106537	0 0 0 1	
0.117569 -0.05644844 -0.9914591 -0.02152913	0.1581364 0.9867077 -0.0374258 0.005073306	-0.9803931 0.1523857 -0.1249328 -0.002175786	0 0 0 1	
0.09847748 -0.05097442 -0.9938329 -0.02726072	0.1580765 0.9868081 -0.03495054 0.007004112	-0.982504 0.1536598 -0.1052362 -0.001786599	0 0 0 1	
0.07975709 -0.04515011 -0.9957913 -0.03274876	0.1615072 0.9863595 -0.03178667 0.007800288	-0.9836434 0.1582923 -0.08596122 0.0001286023	0 0 0 1	
0.05833811 -0.04076821 -0.9974642 -0.03887682	0.1641416 0.985959 -0.0306979 0.01022964	-0.9847103 0.1619345 -0.06421071 0.001603313	0 0 0 1	
0.03666478 -0.0365916 -0.9986574 -0.04521528	0.1682349 0.9852926 -0.02992532 0.01291241	-0.9850648 0.1669119 -0.04228151 0.003604395	0 0 0 1	
0.01827788 -0.03348599 -0.999272 -0.05188902	0.1747152 0.9841684 -0.02978412 0.01581805	-0.9844493 0.1740436 -0.023839 0.006063818	0 0 0 1	
-0.002064824 -0.03215 -0.9994809 -0.05888879	0.1812744 0.9829121 -0.03199153 0.018884	-0.9834303 0.1812464 -0.003798425 0.009002884	0 0 0 1	
-0.0275259 -0.02448133 -0.9993212 -0.05486272	0.1893216 0.9814791 -0.02925903 0.02373002	-0.9815292 0.1899985 0.02238131 0.01690865	0 0 0 1	
-0.05015671 -0.01954674 -0.9985501 -0.06107329	0.1959765 0.9801788 -0.02903094 0.02751712	-0.9793251 0.1971484 0.04533184 0.02084518	0 0 0 1	
-0.06869793 -0.01382671 -0.9975417 -0.06732269	0.2025954 0.9788758 -0.02752016 0.03172036	-0.97685 0.2039879 0.06444561 0.02492036	0 0 0 1	
-0.08706868 -0.007424571 -0.9961747 -0.07351755	0.2065317 0.9781117 -0.02534144 0.0364232	-0.9745582 0.2079481 0.08362949 0.02904764	0 0 0 1	
-0.1079361 0.0009339526 -0.9941575 -0.07941486	0.2072224 0.9780558 -0.0215794 0.04174396	-0.9723213 0.2083409 0.1057612 0.03337511	0 0 0 1	
-0.1389004 0.01164599 -0.9902378 -0.08489946	0.2030381 0.9790239 -0.01696601 0.04778496	-0.9692689 0.2034126 0.1383514 0.03846772	0 0 0 1	
-0.1743762 0.01896325 -0.9844965 -0.09081626	0.1962184 0.9804318 -0.0158697 0.05417617	-0.9649307 0.1959436 0.174685 0.04443873	0 0 0 1	
-0.2036881 0.01990012 -0.9788337 -0.103902	0.1926731 0.9810561 -0.02014853 0.06117873	-0.9598898 0.1926989 0.2036637 0.0561468	0 0 0 1	
-0.2357284 0.01825365 -0.9716476 -0.110798	0.1885431 0.9816854 -0.02729961 0.06815885	-0.953354 0.1896327 0.2348527 0.06413347	0 0 0 1	
-0.2632526 0.01605137 -0.9645933 -0.1175779	0.1859922 0.9819481 -0.03442006 0.07575052	-0.9466281 0.1884681 0.2614859 0.07255428	0 0 0 1	
-0.2846421 0.01454467 -0.9585235 -0.1241787	0.1858436 0.9817529 -0.04029074 0.08409079	-0.9404472 0.1896039 0.2821512 0.08113553	0 0 0 1	
-0.3085124 0.01274198 -0.9511349 -0.1302988	0.1858745 0.9814419 -0.04714274 0.0929773	-0.932883 0.1913359 0.3051555 0.0904797	0 0 0 1	
-0.3372173 0.009648249 -0.9413775 -0.1357719	0.1829979 0.9815459 -0.055493 0.10255	-0.9234697 0.1909833 0.3327599 0.1006062	0 0 0 1	
-0.3663561 0.007798076 -0.9304423 -0.1375313	0.1814265 0.9813709 -0.06321068 0.1169333	-0.9126161 0.1919645 0.3609461 0.1235506	0 0 0 1	
-0.3901287 0.006065957 -0.9207405 -0.1416915	0.1755413 0.9821271 -0.06790853 0.1293141	-0.9038723 0.188121 0.3842208 0.1342161	0 0 0 1	
-0.4123639 0.005509458 -0.9110027 -0.1452617	0.1721262 0.9824422 -0.07197113 0.1424466	-0.8946109 0.1864857 0.406072 0.1456472	0 0 0 1	
-0.430993 0.006140597 -0.9023343 -0.1485853	0.1732662 0.9819323 -0.07607697 0.1557633	-0.8855641 0.1891327 0.4242699 0.1579128	0 0 0 1	
-0.4459537 0.006722577 -0.895031 -0.1521057	0.1756813 0.9811777 -0.08016442 0.1693327	-0.8776456 0.1929898 0.438741 0.1703699	0 0 0 1	
-0.4580522 0.007694945 -0.8888921 -0.1594422	0.1812351 0.9797674 -0.08491005 0.1778786	-0.870254 0.1999917 0.4501791 0.189083	0 0 0 1	
-0.4684314 0.008833185 -0.8834558 -0.1628381	0.1823668 0.9793825 -0.08690335 0.1928447	-0.8644735 0.2018212 0.4603844 0.2016641	0 0 0 1	
-0.4767729 0.009894654 -0.8789708 -0.1662979	0.1825905 0.9792414 -0.08801764 0.2088981	-0.8598537 0.2024561 0.4686824 0.21414	0 0 0 1	
-0.4865283 0.01391054 -0.8735541 -0.1681266	0.1870595 0.9783446 -0.08860403 0.2250315	-0.8534044 0.2065149 0.4785943 0.2282857	0 0 0 1	
-0.5016912 0.0177049 -0.8648655 -0.1683927	0.1934381 0.9767693 -0.09221385 0.2403754	-0.8431416 0.2135608 0.4934614 0.2446045	0 0 0 1	
-0.522476 0.02065017 -0.8524039 -0.1671256	0.1989083 0.975076 -0.09829767 0.2553552	-0.8291286 0.2209084 0.5135612 0.262372	0 0 0 1	
-0.5432024 0.02735623 -0.8391563 -0.1623593	0.2066186 0.9730876 -0.1020259 0.2679914	-0.8137816 0.228806 0.5342358 0.2842603	0 0 0 1	
-0.5632651 0.03520927 -0.8255259 -0.1574777	0.2129863 0.9715165 -0.1038869 0.2841485	-0.7983543 0.2343416 0.5547205 0.3023378	0 0 0 1	
-0.5815119 0.03860907 -0.8126213 -0.1541597	0.2150931 0.9706252 -0.1078045 0.3006996	-0.7845884 0.2374788 0.5727346 0.3193444	0 0 0 1	
-0.6024297 0.03521337 -0.7973949 -0.1524889	0.2108213 0.9705679 -0.1164141 0.3173286	-0.7698265 0.2382391 0.5921227 0.3356901	0 0 0 1	
-0.6299472 0.0289546 -0.776098 -0.1494305	0.201848 0.9710682 -0.1276085 0.3343173	-0.7499492 0.2370405 0.6175661 0.3520577	0 0 0 1	
-0.6613574 0.02728797 -0.7495745 -0.1418187	0.1937902 0.9716249 -0.1356115 0.3522463	-0.7246047 0.2349478 0.6478795 0.3684512	0 0 0 1	
-0.6887367 0.03519166 -0.7241571 -0.1292043	0.1921595 0.9719605 -0.1355263 0.3717653	-0.6990827 0.2324956 0.6761873 0.3868744	0 0 0 1	
-0.7083482 0.04850855 -0.7041946 -0.1153424	0.1972716 0.9714875 -0.1315141 0.3908898	-0.6777367 0.2320754 0.6977208 0.4020284	0 0 0 1	
-0.721648 0.05990148 -0.6896635 -0.104036	0.2050864 0.9700257 -0.130345 0.4082958	-0.6611835 0.2355038 0.7123021 0.418108	0 0 0 1	
-0.7306027 0.06562272 -0.6796422 -0.09721418	0.2136905 0.9673446 -0.1363115 0.4226763	-0.6485031 0.2448227 0.7207676 0.4365287	0 0 0 1	
-0.7367873 0.06723604 -0.6727733 -0.09376262	0.223071 0.9635009 -0.1480051 0.4340047	-0.6382664 0.2591245 0.7248937 0.4572606	0 0 0 1	
-0.7406167 0.070146 -0.6682565 -0.09033494	0.2346376 0.958927 -0.1593873 0.4439966	-0.6296288 0.2748429 0.7266562 0.4787823	0 0 0 1	
-0.7418817 0.07462741 -0.6663655 -0.08666855	0.2462405 0.9546725 -0.1672303 0.4548168	-0.6236808 0.2881512 0.7266304 0.4998198	0 0 0 1	
-0.7447655 0.07434615 -0.6631719 -0.08532996	0.2507067 0.9521489 -0.17481 0.4674451	-0.6184419 0.2964541 0.7277668 0.5178453	0 0 0 1	
-0.750995 0.06507561 -0.6570936 -0.08860925	0.2443735 0.9518648 -0.1850269 0.4821058	-0.6134236 0.2995305 0.7307485 0.5331076	0 0 0 1	
-0.7619376 0.049224 -0.6457772 -0.09418645	0.2267649 0.9542664 -0.1948162 0.5003604	-0.6066539 0.2948774 0.7382537 0.5440508	0 0 0 1	
-0.7759333 0.03389318 -0.6299039 -0.09750664	0.2030659 0.9588231 -0.198551 0.5231439	-0.5972368 0.2819744 0.7508653 0.5499696	0 0 0 1	
-0.7895855 0.02315135 -0.6132038 -0.09716283	0.1776455 0.9651221 -0.1923054 0.5511037	-0.5873644 0.2607744 0.7661591 0.5500091	0 0 0 1	
-0.800071 0.01506914 -0.5997161 -0.09528653	0.1514486 0.9723772 -0.1776119 0.5825847	-0.5804738 0.2329283 0.7802529 0.5441204	0 0 0 1	
-0.8073115 0.002877891 -0.5901185 -0.09958143	0.1224836 0.9790288 -0.1627892 0.6155005	-0.5772745 0.2037015 0.7907337 0.5354655	0 0 0 1	
-0.8124408 -0.01434701 -0.5828674 -0.1094392	0.09159443 0.9841435 -0.1518948 0.646803	-0.5758044 0.1767929 0.7982441 0.526692	0 0 0 1	
-0.8173896 -0.03564918 -0.5749812 -0.1228963	0.05960442 0.9874935 -0.1459585 0.6755756	-0.5729935 0.1535763 0.8050421 0.5193185	0 0 0 1	
-0.8228898 -0.05833926 -0.5651982 -0.1372137	0.02809093 0.9893217 -0.1430154 0.7021968	-0.5675063 0.1335628 0.812464 0.5133426	0 0 0 1	
-0.8283337 -0.07836683 -0.5547271 -0.14944	-0.0008169599 0.9903361 -0.1386858 0.7283029	-0.5602347 0.114425 0.8203928 0.5070645	0 0 0 1	
-0.8316728 -0.09364931 -0.5473116 -0.1613082	-0.02617135 0.9911906 -0.1298316 0.7534898	-0.5546488 0.09365349 0.8267972 0.498335	0 0 0 1	
-0.8322814 -0.1046403 -0.5443879 -0.1700631	-0.04730124 0.9918467 -0.1183332 0.7802467	-0.5523317 0.07273633 0.8304452 0.4882216	0 0 0 1	
-0.8317839 -0.1135996 -0.5433515 -0.1781177	-0.06466953 0.9920015 -0.1084011 0.8053284	-0.5513198 0.05502802 0.8324773 0.4798527	0 0 0 1	
-0.8322595 -0.1215459 -0.5408978 -0.1845841	-0.07763375 0.9916083 -0.1033734 0.8270447	-0.5489234 0.04404155 0.8347116 0.4767779	0 0 0 1	
-0.835034 -0.1284007 -0.5350061 -0.1880734	-0.08699577 0.9909681 -0.1020484 0.8459352	-0.5432771 0.03867065 0.8386624 0.4784881	0 0 0 1	
-0.8382968 -0.1317401 -0.5290592 -0.1878209	-0.09269741 0.9906793 -0.0998079 0.8641893	-0.5372767 0.0346262 0.8426952 0.4810956	0 0 0 1	
-0.8400447 -0.1324295 -0.5261061 -0.1899897	-0.096467 0.9907576 -0.09535907 0.8800006	-0.533872 0.02935399 0.8450558 0.4790403	0 0 0 1	
-0.8420869 -0.133977 -0.5224367 -0.1888392	-0.09906232 0.990597 -0.09436189 0.8959263	-0.5301666 0.0277071 0.8474408 0.4832367	0 0 0 1	
-0.8455486 -0.1385061 -0.5156196 -0.1890391	-0.1031948 0.9899499 -0.09669511 0.9098654	-0.5238305 0.02855115 0.8513439 0.4896768	0 0 0 1	
-0.8487792 -0.1441115 -0.5087294 -0.1903688	-0.1083187 0.9891267 -0.09947504 0.9231047	-0.5175334 0.02932743 0.8551602 0.495726	0 0 0 1	
-0.8495467 -0.1502734 -0.5056564 -0.1944901	-0.1153482 0.9882879 -0.09990904 0.9369664	-0.5147478 0.0265508 0.8569305 0.4978898	0 0 0 1	
-0.8479562 -0.1559902 -0.5065944 -0.2004675	-0.1236074 0.9875603 -0.09719041 0.9518899	-0.5154532 0.01979436 0.8566893 0.4958104	0 0 0 1	
-0.8440554 -0.1603565 -0.5117189 -0.2174827	-0.1340187 0.9870415 -0.08825031 0.9755344	-0.5192393 0.005908251 0.8546085 0.4682629	0 0 0 1	
-0.841258 -0.1653878 -0.5147152 -0.2240952	-0.1415208 0.9862282 -0.08559018 0.9891334	-0.5217823 -0.0008394904 0.8530784 0.4652434	0 0 0 1	
-0.8373532 -0.1689154 -0.5199107 -0.2302491	-0.1462977 0.9856167 -0.0845971 1.001285	-0.5267224 -0.005224098 0.8500212 0.4648384	0 0 0 1	
-0.8325247 -0.1718534 -0.5266589 -0.2366605	-0.1487951 0.9851006 -0.0862368 1.011557	-0.533632 -0.006569996 0.8456914 0.4678754	0 0 0 1	
-0.8288345 -0.1746229 -0.531545 -0.2418333	-0.1496428 0.9846235 -0.09013104 1.020167	-0.5391107 -0.004838165 0.842221 0.4745297	0 0 0 1	
-0.8254222 -0.1778691 -0.535762 -0.2472948	-0.1504116 0.9840517 -0.09496625 1.027806	-0.544109 -0.002197575 0.8390118 0.4823251	0 0 0 1	
-0.8228824 -0.175178 -0.5405341 -0.246169	-0.1488735 0.9845269 -0.09243079 1.034638	-0.5483623 -0.004411567 0.8362293 0.4655889	0 0 0 1	
-0.8205233 -0.168376 -0.546252 -0.2404963	-0.1404719 0.9857227 -0.09283543 1.043769	-0.5540842 -0.0005594417 0.8324605 0.4740131	0 0 0 1	
-0.8201318 -0.157387 -0.5501028 -0.2284866	-0.1268884 0.9875138 -0.0933582 1.052187	-0.5579274 0.006764393 0.8298621 0.4865287	0 0 0 1	
-0.8222594 -0.1450157 -0.5503272 -0.2123553	-0.1109525 0.9892837 -0.09490699 1.059246	-0.5581928 0.01697795 0.8295377 0.5025784	0 0 0 1	
-0.8259255 -0.1326596 -0.5479499 -0.1943552	-0.0966228 0.9908489 -0.0942467 1.067076	-0.5554383 0.02489628 0.8311853 0.5161095	0 0 0 1	
-0.829905 -0.1204793 -0.5447409 -0.1757116	-0.08562019 0.9923418 -0.08903315 1.077319	-0.5512959 0.02724823 0.8338649 0.5232078	0 0 0 1	
-0.8326555 -0.1061306 -0.5435267 -0.152577	-0.07564529 0.9940622 -0.07821871 1.084939	-0.5486007 0.024014 0.8357397 0.5134175	0 0 0 1	
-0.8341967 -0.09421802 -0.543359 -0.1355634	-0.06639979 0.9952893 -0.07064153 1.095914	-0.5474552 0.02284999 0.8365232 0.5159678	0 0 0 1	
-0.8357447 -0.08558296 -0.5424081 -0.1220122	-0.0580668 0.9960155 -0.06768511 1.104481	-0.5460396 0.02507157 0.8373843 0.5225977	0 0 0 1	
-0.8374939 -0.07823237 -0.5408177 -0.1095942	-0.04921972 0.9964756 -0.06792571 1.111111	-0.5442257 0.03026847 0.8383927 0.532813	0 0 0 1	
-0.8407259 -0.07117397 -0.5367628 -0.09599049	-0.04148547 0.9968762 -0.06720609 1.118259	-0.5398694 0.03423405 0.8410523 0.5415843	0 0 0 1	
-0.8462652 -0.0658397 -0.528678 -0.08215594	-0.03653557 0.9971703 -0.06570088 1.126234	-0.5315077 0.03628482 0.846276 0.5479661	0 0 0 1	
-0.8477836 -0.06560981 -0.5262684 -0.07826389	-0.03594946 0.9971452 -0.06640176 1.130915	-0.5291227 0.03737526 0.8477219 0.5489215	0 0 0 1	
-0.8469296 -0.07173122 -0.5268447 -0.08469313	-0.04110955 0.9967261 -0.06962109 1.138909	-0.5301139 0.0373058 0.8471056 0.5524411	0 0 0 1	
-0.8460088 -0.08048295 -0.5270595 -0.09444042	-0.0489305 0.9960895 -0.07356396 1.147542	-0.530919 0.03644647 0.8466384 0.5546042	0 0 0 1	
-0.8469855 -0.09146822 -0.5236881 -0.1049846	-0.05925819 0.9951922 -0.07798085 1.156628	-0.528303 0.03501584 0.8483336 0.5554292	0 0 0 1	
-0.8487213 -0.1037701 -0.5185598 -0.1163969	-0.07134246 0.9940625 -0.08215858 1.16591	-0.5240064 0.0327344 0.8510852 0.5546212	0 0 0 1	
-0.8515879 -0.1152626 -0.511383 -0.1256573	-0.0829715 0.9928674 -0.08561666 1.174837	-0.5176038 0.0304799 0.8550773 0.553269	0 0 0 1	
-0.8547063 -0.1278015 -0.5031345 -0.1361684	-0.09344843 0.9912668 -0.09304566 1.18153	-0.5106319 0.03250957 0.8591849 0.5555227	0 0 0 1	
-0.859764 -0.1418704 -0.4905908 -0.1458633	-0.1025024 0.9890288 -0.1063738 1.183135	-0.5002997 0.04116961 0.8648733 0.5666943	0 0 0 1	
-0.8633178 -0.1527245 -0.4809965 -0.1534038	-0.1067109 0.9868022 -0.1217961 1.181494	-0.4932496 0.05382118 0.8682213 0.582876	0 0 0 1	
-0.8632814 -0.158251 -0.4792721 -0.1587673	-0.1053291 0.9851537 -0.1355657 1.178702	-0.4936101 0.06655007 0.8671333 0.5996141	0 0 0 1	
-0.8617852 -0.1589734 -0.4817198 -0.1602445	-0.09969189 0.9841825 -0.1464458 1.175919	-0.4973812 0.07818125 0.8640022 0.6150613	0 0 0 1	
-0.8608457 -0.1570363 -0.4840294 -0.1580442	-0.09391709 0.9838813 -0.1521747 1.175443	-0.5001244 0.08554026 0.8617184 0.6247516	0 0 0 1	
-0.8606399 -0.1518783 -0.4860371 -0.1531939	-0.08935279 0.9847179 -0.149488 1.181718	-0.5013134 0.08522658 0.8610584 0.6244016	0 0 0 1	
-0.8626906 -0.1432487 -0.4850208 -0.1400541	-0.08847953 0.9870056 -0.134132 1.193876	-0.4979325 0.0728 0.8641551 0.608053	0 0 0 1	
-0.8662928 -0.1350909 -0.4809234 -0.1259351	-0.09188065 0.989404 -0.112417 1.209688	-0.4910141 0.05319843 0.8695259 0.5819603	0 0 0 1	
-0.8708586 -0.132523 -0.4733323 -0.1177744	-0.101556 0.9907023 -0.09052846 1.225746	-0.4809285 0.03076775 0.87622 0.5515913	0 0 0 1	
-0.8750075 -0.1380335 -0.4640139 -0.1201425	-0.1175024 0.9903831 -0.07303788 1.239415	-0.4696332 0.009385932 0.8828119 0.5221055	0 0 0 1	
-0.8775833 -0.1492313 -0.4556068 -0.1312094	-0.136629 0.9887615 -0.06069025 1.249909	-0.4595433 -0.008988341 0.8881098 0.4965002	0 0 0 1	
-0.8788877 -0.15883 -0.449811 -0.1447666	-0.1506354 0.9871013 -0.05422208 1.254662	-0.4526211 -0.02010234 0.8914765 0.4797093	0 0 0 1	
-0.8837521 -0.1560341 -0.4411753 -0.1361075	-0.1502391 0.9874696 -0.0482911 1.25803	-0.4431823 -0.02360443 0.8961208 0.4738856	0 0 0 1	
-0.8929076 -0.1393606 -0.4281296 -0.1050056	-0.1344233 0.9900371 -0.04191408 1.258916	-0.4297054 -0.02012518 0.902745 0.4768065	0 0 0 1	
-0.9033659 -0.1121199 -0.4139557 -0.05852136	-0.1065901 0.9936323 -0.03651608 1.256598	-0.4154139 -0.01113622 0.9095643 0.4867977	0 0 0 1	
-0.9117827 -0.08424651 -0.401939 -0.01281473	-0.07651211 0.9964439 -0.0352902 1.250779	-0.4034827 0.001423797 0.9149863 0.5016682	0 0 0 1	
-0.9169601 -0.06537119 -0.3935873 0.01795381	-0.05428773 0.997754 -0.03924082 1.24364	-0.3952685 0.0146153 0.9184494 0.517789	0 0 0 1	
-0.919072 -0.06107124 -0.3893296 0.02438521	-0.04614343 0.9978006 -0.04758899 1.235803	-0.3913797 0.02577269 0.9198686 0.5320402	0 0 0 1	
-0.920007 -0.0669278 -0.3861449 0.01782638	-0.04978716 0.9972863 -0.05423261 1.234128	-0.3887268 0.03066932 0.9208426 0.5380035	0 0 0 1	
-0.9191695 -0.07726956 -0.3862092 0.003173918	-0.06157499 0.9967015 -0.05286478 1.237995	-0.3890201 0.02481086 0.9208955 0.5302857	0 0 0 1	
-0.9179341 -0.0842661 -0.3876809 -0.0076271	-0.07523972 0.9964246 -0.03843292 1.247831	-0.3895334 0.006109873 0.9209921 0.5055792	0 0 0 1	
-0.9167414 -0.08483573 -0.3903692 -0.01007202	-0.08652955 0.9961607 -0.01328183 1.261225	-0.3899973 -0.02160247 0.9205625 0.4685901	0 0 0 1	
-0.915928 -0.08148538 -0.3929832 -0.00685674	-0.09509625 0.9953512 0.01525449 1.274484	-0.3899133 -0.05134325 0.9194191 0.4284049	0 0 0 1	
-0.9148574 -0.07791153 -0.396189 -0.005255282	-0.1010138 0.9941686 0.03774975 1.284254	-0.3909375 -0.0745562 0.9173926 0.3975997	0 0 0 1	
-0.9135784 -0.07531287 -0.3996281 -0.003244191	-0.1049687 0.9930722 0.05281414 1.290163	-0.3928819 -0.09019829 0.9151547 0.3764696	0 0 0 1	
-0.9100428 -0.07307636 -0.4080226 -0.004556388	-0.1063515 0.9925504 0.05943898 1.292538	-0.4006394 -0.09748583 0.9110351 0.3676843	0 0 0 1	
-0.9045289 -0.07376723 -0.4199837 -0.011884	-0.1068843 0.9927023 0.05583796 1.291447	-0.4127998 -0.09539671 0.9058125 0.3724255	0 0 0 1	
-0.8982354 -0.07906736 -0.4323443 -0.02577987	-0.1081752 0.9931968 0.04310766 1.287498	-0.4259946 -0.08548976 0.9006777 0.3879629	0 0 0 1	
-0.8918251 -0.09007189 -0.4433227 -0.04679236	-0.1122786 0.993386 0.02403823 1.281591	-0.4382254 -0.07121354 0.8960397 0.4091318	0 0 0 1	
-0.8856739 -0.1044338 -0.4524106 -0.07095784	-0.1174238 0.9930817 0.0006365199 1.274421	-0.4492142 -0.05368754 0.8918095 0.4360378	0 0 0 1	
-0.8815942 -0.1151512 -0.4577464 -0.08872899	-0.1182679 0.992739 -0.02195711 1.265615	-0.4569511 -0.03477945 0.8888116 0.4624333	0 0 0 1	
-0.879613 -0.1184926 -0.4606959 -0.09518604	-0.1118735 0.9928446 -0.04176148 1.256321	-0.4623478 -0.01480572 0.8865752 0.4897617	0 0 0 1	
-0.8799825 -0.1188653 -0.4598933 -0.09540847	-0.1031792 0.9928995 -0.05919941 1.247042	-0.4636647 0.004643036 0.8859986 0.5156623	0 0 0 1	
-0.8831717 -0.1188803 -0.4537354 -0.09197313	-0.09654185 0.9927083 -0.07217976 1.239758	-0.4590077 0.01994264 0.8882087 0.5352072	0 0 0 1	
-0.8876376 -0.1180793 -0.4451479 -0.08594462	-0.09293305 0.9926134 -0.07798805 1.236375	-0.4510686 0.02785617 0.8920544 0.5445529	0 0 0 1	
-0.8920691 -0.1130936 -0.4375187 -0.07508427	-0.08885045 0.9931745 -0.0755647 1.23605	-0.4430783 0.0285352 0.8960288 0.5450253	0 0 0 1	
-0.8963016 -0.1060698 -0.4305724 -0.06125176	-0.08563051 0.9940959 -0.06663869 1.240227	-0.4350986 0.02285823 0.9000926 0.5364916	0 0 0 1	
-0.8995218 -0.1001051 -0.4252528 -0.04972246	-0.08423635 0.9948703 -0.05601172 1.245324	-0.4286784 0.01456202 0.90334 0.5245994	0 0 0 1	
-0.9025108 -0.09545317 -0.4199564 -0.03995779	-0.08450071 0.9954222 -0.04465566 1.250882	-0.4222964 0.004815601 0.9064453 0.5107406	0 0 0 1	
-0.9055439 -0.08916867 -0.4147764 -0.02808207	-0.08330511 0.9960022 -0.03224815 1.256447	-0.4159937 -0.00535087 0.9093519 0.4962641	0 0 0 1	
-0.908282 -0.08330125 -0.4099821 -0.01709697	-0.08180168 0.9964225 -0.02123085 1.261072	-0.4102839 -0.01425363 0.9118468 0.4834839	0 0 0 1	
-0.9103093 -0.07988017 -0.4061478 -0.01214564	-0.07988017 0.9966598 -0.0169832 1.261334	-0.4061478 -0.0169832 0.9136496 0.480472	0 0 0 1	
-0.9130465 -0.07860369 -0.4002094 -0.006869137	-0.08051927 0.9966801 -0.01205596 1.263759	-0.3998284 -0.02121691 0.9163444 0.4739845	0 0 0 1	
-0.9155858 -0.07894905 -0.3942971 -0.003841728	-0.08111182 0.996642 -0.01120762 1.264401	-0.3938579 -0.02172062 0.9189149 0.4723708	0 0 0 1	
-0.9178722 -0.07837173 -0.3890615 7.641315E-05	-0.07998251 0.996723 -0.01208344 1.263934	-0.3887336 -0.02002706 0.9211327 0.4736957	0 0 0 1	
-0.9198401 -0.07389048 -0.3852721 0.008549035	-0.07458265 0.9971279 -0.01317029 1.26247	-0.3851387 -0.01662005 0.9227091 0.4774019	0 0 0 1	
-0.9214289 -0.06764192 -0.3826142 0.01881596	-0.06764192 0.9976187 -0.01346954 1.260932	-0.3826142 -0.01346954 0.9238101 0.4808292	0 0 0 1	
-0.9223549 -0.06211896 -0.3813171 0.02527863	-0.06181867 0.9980021 -0.01304979 1.258145	-0.3813659 -0.01153598 0.9243522 0.4836795	0 0 0 1	
-0.9240501 -0.06056134 -0.3774439 0.02969314	-0.06027947 0.9981024 -0.01257186 1.258214	-0.3774891 -0.0111351 0.9259472 0.4832549	0 0 0 1	
-0.925851 -0.06123494 -0.3728945 0.03141116	-0.06123494 0.998053 -0.01185667 1.259089	-0.3728945 -0.01185667 0.927798 0.481222	0 0 0 1	
-0.9277226 -0.06092099 -0.3682656 0.03449813	-0.06092099 0.9980748 -0.01163814 1.259514	-0.3682656 -0.01163814 0.9296478 0.4803869	0 0 0 1	
-0.9298626 -0.0563667 -0.3635638 0.04331161	-0.05770351 0.9983078 -0.007192662 1.261048	-0.3633541 -0.01429072 0.9315417 0.4759922	0 0 0 1	
-0.931742 -0.04963014 -0.3597134 0.05467129	-0.05217208 0.9986346 -0.00264505 1.261912	-0.3593535 -0.01630249 0.9330591 0.4725121	0 0 0 1	
-0.9322538 -0.04480248 -0.3590204 0.05981638	-0.04788604 0.9988527 -0.0003039949 1.260061	-0.3586221 -0.01690866 0.9333298 0.4715828	0 0 0 1	
-0.932765 -0.04365607 -0.3578321 0.06219247	-0.04730059 0.9988797 0.0014341 1.260557	-0.3573686 -0.01826335 0.933785 0.4693082	0 0 0 1	
-0.9331347 -0.04506252 -0.3566927 0.06102635	-0.04907593 0.9987926 0.002204497 1.261291	-0.3561627 -0.01956211 0.9342195 0.4670703	0 0 0 1	
-0.9337652 -0.0472973 -0.3547474 0.05910948	-0.05168519 0.9986593 0.002897681 1.262247	-0.3541347 -0.02104094 0.9349579 0.4644341	0 0 0 1	
-0.934778 -0.04786414 -0.3519928 0.05984278	-0.05248487 0.9986153 0.003590521 1.262692	-0.3513335 -0.02183064 0.9359958 0.4626147	0 0 0 1	
-0.9359977 -0.04744578 -0.3487938 0.06216291	-0.05218818 0.9986284 0.004206823 1.262862	-0.3481158 -0.02214049 0.9371901 0.4613894	0 0 0 1	
-0.9367195 -0.04605224 -0.3470385 0.06387272	-0.05071959 0.9987034 0.004372723 1.261619	-0.3463871 -0.02169766 0.9378407 0.4621202	0 0 0 1	
-0.9378422 -0.04417843 -0.3442389 0.06804806	-0.04923403 0.9987695 0.005954252 1.261944	-0.3435523 -0.02253241 0.9388634 0.4603146	0 0 0 1	
-0.9388272 -0.0415009 -0.3418793 0.07310537	-0.04700755 0.9988638 0.00783376 1.262226	-0.3411658 -0.02342545 0.9397113 0.4584789	0 0 0 1	
-0.9395506 -0.03874922 -0.3402103 0.07790671	-0.0446975 0.9989538 0.009661321 1.262455	-0.33948 -0.02428385 0.9402997 0.4567821	0 0 0 1	
-0.9402121 -0.03617659 -0.3386628 0.08239527	-0.04244249 0.9990371 0.01111189 1.262528	-0.3379348 -0.02482123 0.9408422 0.4555394	0 0 0 1	
-0.9409246 -0.0343455 -0.3368696 0.085987	-0.04080351 0.9990938 0.01210749 1.262547	-0.3361485 -0.0251377 0.9414735 0.4545559	0 0 0 1	
-0.9405042 -0.03480572 -0.3379945 0.08335948	-0.04104164 0.9990933 0.01131874 1.260263	-0.3372941 -0.02451717 0.94108 0.4579327	0 0 0 1	
-0.9403429 -0.03615434 -0.3383023 0.08133377	-0.04207257 0.9990627 0.01017485 1.259998	-0.3376174 -0.02380109 0.9409827 0.4588023	0 0 0 1	
-0.939996 -0.0374165 -0.3391279 0.07915008	-0.0427358 0.9990525 0.008228255 1.259317	-0.3384987 -0.02222743 0.9407043 0.460928	0 0 0 1	
-0.9397657 -0.03820291 -0.339678 0.07777674	-0.04295431 0.999056 0.006477147 1.258599	-0.33911 -0.02067764 0.9405196 0.4629741	0 0 0 1	
-0.9396507 -0.03870039 -0.3399394 0.07696125	-0.04315395 0.999053 0.005547753 1.258213	-0.3394028 -0.01988268 0.940431 0.4639312	0 0 0 1	
-0.9397032 -0.03818686 -0.3398523 0.07773295	-0.04273526 0.999069 0.005905943 1.258218	-0.3393104 -0.02007351 0.9404602 0.4634718	0 0 0 1	
-0.9386222 -0.03686844 -0.342971 0.07716884	-0.04171983 0.9991064 0.006775118 1.258283	-0.3424147 -0.02066797 0.9393215 0.4635929	0 0 0 1	
-0.9388635 -0.03518164 -0.3424876 0.07976083	-0.04064513 0.999135 0.008785792 1.258815	-0.3418823 -0.02216911 0.9394813 0.4613514	0 0 0 1	
-0.9390423 -0.03416451 -0.3420998 0.08138426	-0.03989057 0.9991568 0.009714214 1.258969	-0.3414795 -0.02276861 0.9396135 0.4603668	0 0 0 1	
-0.939519 -0.03388391 -0.3408169 0.08250265	-0.03978417 0.9991548 0.01033606 1.259151	-0.3401787 -0.02327004 0.9400731 0.4593972	0 0 0 1	
-0.9404011 -0.03328983 -0.338434 0.08465299	-0.03954215 0.9991506 0.01159436 1.259558	-0.3377606 -0.02428576 0.9409187 0.4575525	0 0 0 1	
-0.9414979 -0.0324804 -0.3354505 0.08742979	-0.03916891 0.9991455 0.01319058 1.260072	-0.3347354 -0.02555813 0.9419657 0.4552467	0 0 0 1	
-0.941878 -0.0319531 -0.3344324 0.08937874	-0.03895765 0.9991391 0.01425626 1.260635	-0.333689 -0.02645636 0.942312 0.4539524	0 0 0 1	
-0.9427997 -0.03132014 -0.3318852 0.09167537	-0.03863392 0.9991338 0.01546025 1.261026	-0.3311135 -0.02739795 0.9431931 0.4521836	0 0 0 1	
-0.9434139 -0.03085891 -0.3301791 0.0932827	-0.03831855 0.9991357 0.01610644 1.261195	-0.3293967 -0.02784702 0.943781 0.4512075	0 0 0 1	
-0.944012 -0.03064844 -0.3284846 0.09453842	-0.03814998 0.9991372 0.0164149 1.261264	-0.3276981 -0.02802754 0.9443668 0.4505936	0 0 0 1	
-0.9448121 -0.02994752 -0.326241 0.0967582	-0.03764115 0.9991417 0.01729395 1.261474	-0.3254431 -0.02861962 0.9451284 0.4493224	0 0 0 1	
-0.9456818 -0.02794703 -0.32389 0.1008298	-0.03602898 0.9991705 0.01898209 1.261721	-0.3230908 -0.02962044 0.9459043 0.4474659	0 0 0 1	
-0.9468391 -0.02523875 -0.3207159 0.1060632	-0.03320134 0.9992607 0.01938238 1.261562	-0.3199896 -0.0290002 0.9469771 0.4480906	0 0 0 1	
-0.947606 -0.0224985 -0.3186487 0.1109158	-0.02970424 0.9994007 0.01777158 1.260013	-0.3180579 -0.02630567 0.9477065 0.4514206	0 0 0 1	
-0.9487247 -0.02317091 -0.3152533 0.11185	-0.03026048 0.9993869 0.01761176 1.260102	-0.3146519 -0.02624842 0.9488443 0.4508668	0 0 0 1	
-0.9501674 -0.02309487 -0.3108834 0.114209	-0.03052518 0.9993523 0.01905576 1.260749	-0.310242 -0.02759594 0.9502569 0.4481984	0 0 0 1	
-0.9510491 -0.02234955 -0.3082305 0.1166279	-0.02976741 0.9993689 0.01938428 1.260674	-0.3076027 -0.02761063 0.9511142 0.4476519	0 0 0 1	
-0.9522222 -0.0223598 -0.3045869 0.118503	-0.02994634 0.9993462 0.02025823 1.261068	-0.3039347 -0.0284116 0.9522693 0.4458526	0 0 0 1	
-0.9525504 -0.02192486 -0.3035902 0.1205364	-0.02930926 0.9993745 0.01978784 1.261003	-0.3029665 -0.02774692 0.9525973 0.4451697	0 0 0 1	
-0.9527256 -0.02201136 -0.3030333 0.1207039	-0.02946517 0.9993647 0.02004678 1.261147	-0.3023995 -0.02802801 0.952769 0.4446065	0 0 0 1	
-0.9529649 -0.02178712 -0.3022968 0.1213898	-0.02915855 0.9993768 0.0198928 1.261005	-0.3016751 -0.02777168 0.9530063 0.4447505	0 0 0 1	
-0.9531565 -0.02216478 -0.3016651 0.121194	-0.02950034 0.999369 0.01978235 1.261054	-0.3010363 -0.02775489 0.9532089 0.4445814	0 0 0 1	
-0.9538004 -0.02222 -0.2996185 0.1221645	-0.02931618 0.9993856 0.0192092 1.260785	-0.2990076 -0.02710541 0.9538658 0.4450351	0 0 0 1	
-0.9545641 -0.02189252 -0.2972013 0.123855	-0.02896666 0.9993917 0.0194189 1.260774	-0.2965954 -0.02714551 0.9546176 0.4444693	0 0 0 1	
-0.9555469 -0.02123536 -0.2940737 0.1265057	-0.02824767 0.9994084 0.01961814 1.260559	-0.2934831 -0.02705295 0.9555814 0.4453326	0 0 0 1	
-0.9559355 -0.02163293 -0.2927797 0.12667	-0.02856601 0.9994031 0.01942496 1.260553	-0.2921847 -0.02693255 0.9559828 0.4452296	0 0 0 1	
-0.9559 -0.02213969 -0.292857 0.1259872	-0.02893598 0.9994026 0.01889466 1.260429	-0.2922638 -0.02653551 0.9559697 0.4457476	0 0 0 1	
-0.9557883 -0.02262442 -0.2931845 0.1252121	-0.02933678 0.9993981 0.01851717 1.260373	-0.292589 -0.02629958 0.9558766 0.4460832	0 0 0 1	
-0.955677 -0.02284138 -0.2935296 0.1247997	-0.02949836 0.9993978 0.01827171 1.260307	-0.2929355 -0.0261205 0.9557754 0.4463414	0 0 0 1	
-0.9555855 -0.02304649 -0.2938123 0.1244416	-0.02967368 0.9993954 0.0181176 1.260279	-0.2932172 -0.0260314 0.9556916 0.4464637	0 0 0 1	
-0.9554486 -0.02375326 -0.2942 0.1229432	-0.03023646 0.9993894 0.01750726 1.260239	-0.2936045 -0.02562285 0.9555836 0.4473744	0 0 0 1	
-0.9552972 -0.02480001 -0.2946057 0.1213436	-0.03111335 0.9993753 0.01676133 1.260161	-0.2940059 -0.02517821 0.955472 0.4480015	0 0 0 1	
-0.955335 -0.02611725 -0.2943697 0.1197019	-0.03228416 0.9993489 0.01610876 1.260194	-0.2937573 -0.02489274 0.9555563 0.4482932	0 0 0 1	
-0.9554259 -0.02701953 -0.2939928 0.1187089	-0.03310397 0.999328 0.01573851 1.260245	-0.29337 -0.0247693 0.9556782 0.4483329	0 0 0 1	
-0.9555149 -0.02712466 -0.2936929 0.1187803	-0.03320919 0.9993243 0.01574959 1.260264	-0.2930672 -0.02480227 0.95577 0.448168	0 0 0 1	
-0.9555798 -0.02654072 -0.2935352 0.1197346	-0.03270242 0.9993354 0.0161026 1.26026	-0.2929128 -0.02498664 0.9558126 0.4478155	0 0 0 1	
-0.9557126 -0.02543888 -0.2932012 0.1217697	-0.03169087 0.99936 0.01659184 1.260303	-0.2925915 -0.02514883 0.955907 0.4473261	0 0 0 1	
-0.9560193 -0.02404815 -0.2923163 0.1242225	-0.03050571 0.9993805 0.01755219 1.260372	-0.2917131 -0.02569755 0.9561605 0.4463271	0 0 0 1	
-0.9563702 -0.02313352 -0.2912403 0.1261172	-0.02975172 0.9993895 0.01831566 1.260475	-0.2906388 -0.02618145 0.9564745 0.4453814	0 0 0 1	
-0.9564774 -0.02319762 -0.2908831 0.1262999	-0.029797 0.9993888 0.0182778 1.260476	-0.2902813 -0.02614974 0.9565841 0.4452732	0 0 0 1	
-0.9565285 -0.02403783 -0.290647 0.1253546	-0.03045684 0.9993814 0.01758103 1.260381	-0.2900446 -0.02566895 0.956669 0.445805	0 0 0 1	
-0.9566054 -0.02498782 -0.2903129 0.1243137	-0.03126433 0.9993665 0.01700109 1.260372	-0.2897042 -0.02533977 0.9567807 0.4461087	0 0 0 1	
-0.9563638 -0.0259507 -0.291025 0.1230594	-0.0319429 0.9993639 0.01585714 1.259532	-0.2904284 -0.02446136 0.9565843 0.4462965	0 0 0 1	
-0.9563341 -0.02630557 -0.2910896 0.1226225	-0.0322047 0.9993612 0.01549243 1.259464	-0.2904961 -0.02419039 0.9565704 0.4466093	0 0 0 1	
-0.9564625 -0.0263548 -0.2906632 0.1228746	-0.03227679 0.9993572 0.01559772 1.259527	-0.2900653 -0.02430031 0.9566983 0.4463174	0 0 0 1	
-0.9568526 -0.02657081 -0.2893563 0.1233701	-0.03262468 0.9993377 0.01611786 1.259822	-0.2887364 -0.02486257 0.9570857 0.4452654	0 0 0 1	
-0.9573421 -0.02705446 -0.2876878 0.1236792	-0.03325511 0.9993076 0.0166875 1.260214	-0.2870371 -0.02554274 0.957579 0.4439776	0 0 0 1	
-0.9578176 -0.0278183 -0.2860279 0.1236019	-0.03407573 0.999276 0.01692204 1.260524	-0.2853501 -0.02595484 0.9580721 0.4430447	0 0 0 1	
-0.9585305 -0.02953686 -0.2834555 0.1223688	-0.03568313 0.9992262 0.01654358 1.260572	-0.2827475 -0.02597211 0.9588428 0.4427946	0 0 0 1	
-0.9596136 -0.03023159 -0.2796924 0.1233595	-0.03624606 0.999209 0.01635557 1.260651	-0.2789768 -0.02583278 0.9599503 0.4422588	0 0 0 1	
-0.9602267 -0.03037602 -0.2775655 0.1242889	-0.0359014 0.999245 0.01484471 1.259968	-0.276905 -0.02421927 0.9605923 0.4440454	0 0 0 1	
-0.9602724 -0.0310621 -0.2773302 0.1235284	-0.0366305 0.9992175 0.01491891 1.260188	-0.2766497 -0.02448496 0.9606589 0.4435879	0 0 0 1	
-0.9602143 -0.03127743 -0.2775084 0.12321	-0.03683057 0.9992116 0.01481923 1.260205	-0.2768261 -0.02445042 0.9606092 0.4436135	0 0 0 1	
-0.9600867 -0.03106193 -0.2779727 0.1233472	-0.03656195 0.9992244 0.01462303 1.260062	-0.2773028 -0.0242026 0.9604777 0.4439932	0 0 0 1	
-0.9605305 -0.03109607 -0.2764317 0.1235237	-0.03651135 0.9992285 0.01446351 1.2599	-0.2757688 -0.02398554 0.9609249 0.4436359	0 0 0 1	
-0.960415 -0.03133308 -0.2768059 0.12308	-0.0366808 0.9992267 0.01416131 1.259845	-0.2761481 -0.0237542 0.9608216 0.4439857	0 0 0 1	
-0.9603149 -0.03179976 -0.2770993 0.1223661	-0.03712532 0.9992126 0.01399236 1.259914	-0.2764362 -0.02372447 0.9607394 0.4440372	0 0 0 1	
-0.9603477 -0.0317962 -0.2769865 0.1225062	-0.03713959 0.9992111 0.01406495 1.259969	-0.2763208 -0.02379441 0.960771 0.4438744	0 0 0 1	
-0.9604417 -0.03152767 -0.2766916 0.1231106	-0.03693179 0.9992149 0.01434056 1.260049	-0.2760222 -0.02399198 0.960852 0.4434987	0 0 0 1	
-0.9605118 -0.03149991 -0.2764508 0.1233611	-0.03691636 0.9992145 0.01440919 1.260097	-0.2757797 -0.02404575 0.9609202 0.4433319	0 0 0 1	
-0.9605129 -0.03180188 -0.2764126 0.1230572	-0.03716728 0.9992083 0.01419237 1.260099	-0.2757424 -0.02390545 0.9609344 0.443471	0 0 0 1	
-0.9606646 -0.03256788 -0.2757953 0.1222444	-0.03774814 0.9991962 0.01349402 1.259776	-0.2751341 -0.02337399 0.9611218 0.4438107	0 0 0 1	
-0.9605769 -0.03366579 -0.2759681 0.1207142	-0.03864628 0.9991732 0.01262745 1.259675	-0.2753149 -0.02279478 0.9610838 0.444603	0 0 0 1	
-0.9604654 -0.03477054 -0.2762196 0.1191378	-0.03953212 0.99915 0.01168726 1.259539	-0.2755784 -0.02214476 0.9610236 0.4455087	0 0 0 1	
-0.9603963 -0.03515301 -0.2764113 0.1185927	-0.03980135 0.9991446 0.01122288 1.259441	-0.2757803 -0.02177995 0.9609739 0.4460092	0 0 0 1	
-0.9603364 -0.03485886 -0.2766563 0.1189595	-0.03956398 0.9991515 0.01144182 1.259493	-0.2760227 -0.02193363 0.9609008 0.4458066	0 0 0 1	
-0.9609789 -0.03473036 -0.274433 0.1198259	-0.03935218 0.9991609 0.01135212 1.259327	-0.2738085 -0.02170868 0.9615393 0.4454932	0 0 0 1	
-0.9608386 -0.03487564 -0.2749062 0.1194667	-0.03945787 0.999159 0.01115406 1.259282	-0.2742861 -0.02156446 0.9614066 0.4457595	0 0 0 1	
-0.9605622 -0.03537489 -0.2758061 0.1184083	-0.03983496 0.9991502 0.01058398 1.259156	-0.2751973 -0.0211533 0.9611551 0.4464736	0 0 0 1	
-0.9602152 -0.0356126 -0.2769814 0.1175753	-0.03992867 0.999153 0.009956211 1.258935	-0.2763922 -0.0206196 0.9608238 0.4474097	0 0 0 1	
-0.9598614 -0.03510609 -0.2782692 0.1177208	-0.03941173 0.9991741 0.009892247 1.258794	-0.2776921 -0.02046226 0.9604522 0.4478534	0 0 0 1	
-0.959455 -0.03419271 -0.2797801 0.1183255	-0.03851024 0.9992087 0.009947764 1.258605	-0.2792186 -0.02031883 0.9600127 0.4483208	0 0 0 1	
-0.9595126 -0.03350918 -0.2796659 0.1191572	-0.0376739 0.9992447 0.009528181 1.258155	-0.2791354 -0.01967851 0.9600502 0.4479991	0 0 0 1	
-0.9588897 -0.03291392 -0.2818642 0.1189498	-0.0369684 0.9992752 0.009077266 1.257801	-0.2813611 -0.01912416 0.9594114 0.4491549	0 0 0 1	
-0.9582883 -0.0329131 -0.2839021 0.1180019	-0.03683994 0.999285 0.008501936 1.257544	-0.2834193 -0.01860624 0.9588157 0.4502288	0 0 0 1	
-0.9578568 -0.03332043 -0.2853069 0.1168082	-0.03712423 0.9992792 0.007932802 1.257394	-0.2848369 -0.01819029 0.9584033 0.4510437	0 0 0 1	
-0.9573997 -0.0335797 -0.286808 0.1157745	-0.03732071 0.9992746 0.007585175 1.257311	-0.2863452 -0.01796592 0.9579583 0.4516085	0 0 0 1	
-0.9570075 -0.0332756 -0.2881488 0.1156028	-0.03703451 0.9992851 0.007601954 1.257254	-0.2876898 -0.01794657 0.9575557 0.4518661	0 0 0 1	
-0.9567485 -0.03257991 -0.2890859 0.1161809	-0.03644647 0.9993036 0.00800069 1.257273	-0.2886239 -0.01819081 0.9572697 0.4516881	0 0 0 1	
-0.9568269 -0.03251702 -0.2888339 0.1162961	-0.03639912 0.9993047 0.008078149 1.257055	-0.2883704 -0.01824269 0.9573452 0.4518005	0 0 0 1	
-0.9568446 -0.03198366 -0.2888347 0.1170847	-0.03591318 0.9993203 0.008314138 1.257016	-0.2883724 -0.01832831 0.9573429 0.4516955	0 0 0 1	
-0.9568839 -0.03118152 -0.2887928 0.1182663	-0.03522746 0.9993404 0.008821639 1.257035	-0.2883272 -0.01861472 0.9573512 0.4513059	0 0 0 1	
-0.9569352 -0.03026684 -0.28872 0.1196187	-0.03449069 0.9993594 0.009552155 1.25713	-0.2882459 -0.01909894 0.957366 0.4506419	0 0 0 1	
-0.9569136 -0.0298069 -0.2888394 0.120248	-0.03411632 0.9993689 0.00989575 1.257165	-0.2883622 -0.01932352 0.9573265 0.4503733	0 0 0 1	
-0.9568458 -0.03065422 -0.2889757 0.1191364	-0.03476315 0.9993542 0.009096098 1.256751	-0.2885102 -0.01874927 0.9572935 0.4513862	0 0 0 1	
-0.9567052 -0.03167108 -0.2893301 0.1175926	-0.0356004 0.9993314 0.008326772 1.256656	-0.2888729 -0.01826653 0.9571931 0.4521564	0 0 0 1	
-0.9564377 -0.03231684 -0.2901428 0.1163325	-0.03619194 0.9993129 0.00799846 1.256675	-0.2896849 -0.01815086 0.9569501 0.4525043	0 0 0 1	
-0.9559855 -0.03251161 -0.2916067 0.1153719	-0.03642525 0.9993044 0.008000567 1.256734	-0.2911437 -0.01827027 0.9565048 0.4526489	0 0 0 1	
-0.9555409 -0.03249579 -0.2930625 0.1147085	-0.03652778 0.9992982 0.008294506 1.256876	-0.2925873 -0.01863066 0.9560573 0.452461	0 0 0 1	
-0.9552637 -0.03256996 -0.2939563 0.1142053	-0.03672162 0.9992884 0.008613709 1.257053	-0.2934666 -0.01902292 0.95578 0.4521321	0 0 0 1	
-0.9552711 -0.03298299 -0.2938868 0.1135189	-0.03711968 0.9992746 0.00850766 1.257085	-0.293393 -0.0190361 0.9558024 0.4516258	0 0 0 1	
-0.9553781 -0.03320796 -0.2935135 0.1134347	-0.03729783 0.9992693 0.008346573 1.257077	-0.2930219 -0.01892155 0.9559187 0.4517565	0 0 0 1	
-0.9555403 -0.03308647 -0.2929986 0.1139003	-0.037144 0.9992755 0.008293829 1.257026	-0.2925119 -0.01880823 0.956077 0.4518608	0 0 0 1	
-0.9559942 -0.03214961 -0.2916191 0.1159317	-0.03640217 0.9992952 0.009167105 1.257199	-0.2911189 -0.01937927 0.9564908 0.4508675	0 0 0 1	
-0.9569421 -0.03030853 -0.2886929 0.1199885	-0.03494575 0.9993296 0.01092111 1.257535	-0.2881683 -0.02053946 0.9573596 0.4487788	0 0 0 1	
-0.9575855 -0.02843976 -0.2867427 0.1235983	-0.03351406 0.9993562 0.01280285 1.257918	-0.286194 -0.02186974 0.9579221 0.4466327	0 0 0 1	
-0.958076 -0.02777374 -0.2851654 0.1253381	-0.03305665 0.9993592 0.01372831 1.258159	-0.2846014 -0.02257937 0.9583802 0.4446904	0 0 0 1	
-0.9581047 -0.02795824 -0.2850506 0.1251766	-0.03317883 0.9993582 0.01350109 1.258113	-0.2844902 -0.02239311 0.9584174 0.4449615	0 0 0 1	
-0.9580685 -0.02878148 -0.2850906 0.1240553	-0.03383758 0.9993451 0.01282425 1.258031	-0.2845348 -0.02193329 0.9584149 0.4456415	0 0 0 1	
-0.9580016 -0.02956269 -0.2852346 0.1229386	-0.0344434 0.9993333 0.01210881 1.257919	-0.2846865 -0.02142471 0.9583812 0.4464116	0 0 0 1	
-0.9579971 -0.02986466 -0.2852187 0.122564	-0.03467523 0.9993286 0.01183009 1.257881	-0.2846739 -0.02122322 0.9583895 0.4467333	0 0 0 1	
-0.9581258 -0.02935826 -0.2848381 0.1234928	-0.03426579 0.9993376 0.01226005 1.257956	-0.2842895 -0.02150688 0.9584972 0.4463189	0 0 0 1	
-0.9583346 -0.02852643 -0.2842204 0.1250876	-0.03364975 0.9993471 0.01315849 1.257972	-0.2836594 -0.02217418 0.9586687 0.445213	0 0 0 1	
-0.9588147 -0.02727128 -0.2827195 0.1275961	-0.0326365 0.9993652 0.01428408 1.258144	-0.2821505 -0.02292277 0.9590962 0.4439561	0 0 0 1	
-0.9594398 -0.02575479 -0.2807357 0.1307058	-0.03135008 0.9993889 0.01545744 1.25826	-0.2801661 -0.02363157 0.9596609 0.4426672	0 0 0 1	
-0.9597585 -0.02435998 -0.2797688 0.1331411	-0.03028903 0.9993985 0.01688828 1.258531	-0.2791892 -0.02468259 0.959919 0.4410974	0 0 0 1	
-0.9600196 -0.02309453 -0.278979 0.1353066	-0.02930341 0.9994066 0.0181054 1.258734	-0.2783953 -0.02555658 0.9601266 0.4398057	0 0 0 1	
-0.9601021 -0.02225554 -0.2787634 0.1366009	-0.02859791 0.9994159 0.01870536 1.258771	-0.2781843 -0.02593111 0.9601778 0.4393137	0 0 0 1	
-0.9601052 -0.02262678 -0.2787224 0.1359265	-0.0289837 0.9994048 0.01870709 1.258795	-0.2781332 -0.02603918 0.9601896 0.438917	0 0 0 1	
-0.9601508 -0.02261303 -0.2785663 0.1360186	-0.02896409 0.9994054 0.01870403 1.258789	-0.2779777 -0.0260271 0.9602349 0.4389553	0 0 0 1	
-0.9601994 -0.02225887 -0.278427 0.1365721	-0.0286738 0.9994085 0.01898831 1.258821	-0.2778397 -0.02621613 0.9602697 0.438724	0 0 0 1	
-0.9602871 -0.02174367 -0.278166 0.1374098	-0.02825713 0.9994119 0.01942748 1.25888	-0.27758 -0.02651613 0.9603367 0.4383191	0 0 0 1	
-0.960368 -0.02118891 -0.2779291 0.1382912	-0.02780496 0.9994156 0.01988442 1.258934	-0.2773453 -0.02682417 0.9603959 0.4379117	0 0 0 1	
-0.9604576 -0.02067715 -0.2776579 0.1391308	-0.02737872 0.9994194 0.02028019 1.258972	-0.2770773 -0.02708018 0.960466 0.4375732	0 0 0 1	
-0.9604276 -0.02047624 -0.2777767 0.1391405	-0.02724986 0.9994175 0.02054601 1.259145	-0.2771942 -0.02730233 0.9604261 0.4369686	0 0 0 1	
-0.9604247 -0.02050526 -0.2777855 0.1390899	-0.02727219 0.9994174 0.02051782 1.259142	-0.2772029 -0.02728163 0.9604243 0.4370507	0 0 0 1	
-0.9603889 -0.02083597 -0.2778832 0.1385792	-0.02754375 0.9994153 0.02025645 1.25912	-0.2772987 -0.02710802 0.9604013 0.437365	0 0 0 1	
-0.9603493 -0.02122973 -0.2779905 0.1379786	-0.0278568 0.9994136 0.01991069 1.259076	-0.2774048 -0.02686514 0.9603776 0.4377779	0 0 0 1	
-0.9603229 -0.0215134 -0.27806 0.1375486	-0.02807958 0.9994125 0.01965294 1.259042	-0.2774738 -0.02668097 0.9603627 0.4381062	0 0 0 1	
-0.9603225 -0.02154785 -0.2780589 0.1374985	-0.02810399 0.9994125 0.01961346 1.259037	-0.2774729 -0.02664981 0.960364 0.4382111	0 0 0 1	
-0.960341 -0.02137263 -0.2780086 0.1377639	-0.02796075 0.9994138 0.01975391 1.259054	-0.2774235 -0.02674381 0.9603757 0.4381359	0 0 0 1	
-0.960335 -0.02127624 -0.2780364 0.1378648	-0.02800478 0.9994026 0.02025071 1.259584	-0.2774394 -0.02723381 0.9603571 0.4376593	0 0 0 1	
-0.9603473 -0.02124161 -0.2779968 0.137934	-0.02797788 0.9994026 0.02028639 1.259594	-0.2773998 -0.02725973 0.9603679 0.4376661	0 0 0 1	
-0.9603455 -0.0212941 -0.2779982 0.1378609	-0.02801786 0.9994026 0.02023554 1.25959	-0.2774012 -0.02722203 0.9603684 0.4377682	0 0 0 1	
-0.9603553 -0.02135501 -0.2779602 0.1377955	-0.02806596 0.9994022 0.0201865 1.259591	-0.277363 -0.02718743 0.9603806 0.4378636	0 0 0 1	
-0.9603651 -0.02135455 -0.2779274 0.1378127	-0.02805946 0.9994028 0.02016898 1.25959	-0.2773307 -0.02716807 0.9603907 0.4379396	0 0 0 1	
-0.9603486 -0.02122732 -0.277993 0.1378734	-0.02800164 0.9993993 0.02042053 1.259875	-0.2773926 -0.02739509 0.9603661 0.4377736	0 0 0 1	
-0.960361 -0.02116107 -0.2779548 0.1379864	-0.02794448 0.9994 0.02046524 1.259889	-0.277355 -0.02742133 0.9603761 0.4377716	0 0 0 1	
-0.9603701 -0.02114606 -0.2779249 0.1380235	-0.0279239 0.9994009 0.02045112 1.259893	-0.2773259 -0.02740139 0.9603851 0.4378366	0 0 0 1	
-0.9603696 -0.02118748 -0.2779238 0.1379699	-0.02795386 0.9994009 0.02040577 1.259899	-0.2773249 -0.02736612 0.9603865 0.4379297	0 0 0 1	
-0.9603767 -0.02119314 -0.2778984 0.1379777	-0.02795543 0.9994011 0.0203934 1.259911	-0.2772998 -0.02735412 0.9603941 0.4379892	0 0 0 1	
-0.9603939 -0.02117069 -0.2778401 0.1380435	-0.02793291 0.9994016 0.02040234 1.259925	-0.2772419 -0.02735517 0.9604106 0.4380265	0 0 0 1	
-0.9603645 -0.02118107 -0.2779427 0.1380906	-0.02802191 0.9993937 0.02066259 1.26018	-0.2773365 -0.02763209 0.9603757 0.437762	0 0 0 1	
-0.9603695 -0.02113442 -0.2779279 0.1381703	-0.02797593 0.9993948 0.020673 1.260179	-0.2773228 -0.027629 0.9603796 0.437806	0 0 0 1	
-0.9603801 -0.02113868 -0.2778914 0.138192	-0.02797893 0.9993947 0.02067181 1.260186	-0.2772862 -0.0276279 0.9603902 0.4378438	0 0 0 1	
-0.9603848 -0.02115203 -0.2778745 0.1381941	-0.02798706 0.9993949 0.02065361 1.260187	-0.2772695 -0.0276123 0.9603957 0.437906	0 0 0 1	
-0.9603962 -0.02115819 -0.2778348 0.1382206	-0.0279953 0.9993944 0.02066407 1.260199	-0.2772293 -0.02762375 0.9604069 0.4379272	0 0 0 1	
-0.9604049 -0.0211433 -0.2778048 0.1382735	-0.0279865 0.9993942 0.02069037 1.260212	-0.277199 -0.02764591 0.9604146 0.4379382	0 0 0 1	
-0.9603083 -0.02140174 -0.2781189 0.1376414	-0.02826372 0.9993864 0.02068638 1.26037	-0.2775055 -0.02772598 0.9603239 0.4376901	0 0 0 1	
-0.9603137 -0.02138753 -0.2781017 0.1376842	-0.02824976 0.9993867 0.02069105 1.260372	-0.2774886 -0.0277262 0.9603289 0.437721	0 0 0 1	
-0.9603196 -0.02139074 -0.2780805 0.1377057	-0.02824663 0.9993873 0.02067084 1.260368	-0.2774679 -0.02770545 0.9603354 0.4377814	0 0 0 1	
-0.9603331 -0.02138297 -0.2780345 0.1377557	-0.02824044 0.9993871 0.02068218 1.260374	-0.2774219 -0.02771359 0.9603485 0.4378	0 0 0 1	
-0.9603409 -0.02135272 -0.2780096 0.1378266	-0.02820718 0.9993882 0.0206786 1.260367	-0.2773979 -0.02770037 0.9603556 0.437851	0 0 0 1	
-0.9603537 -0.0213225 -0.277969 0.137907	-0.02817389 0.9993892 0.02067647 1.260362	-0.2773584 -0.02768818 0.9603678 0.4379003	0 0 0 1	
-0.9603355 -0.02124932 -0.278036 0.1379122	-0.02812392 0.9993888 0.02076015 1.260422	-0.277425 -0.02775618 0.9603462 0.4377433	0 0 0 1	
-0.9603412 -0.02124298 -0.2780174 0.1379509	-0.02812086 0.9993886 0.02077434 1.260429	-0.2774061 -0.02776854 0.9603515 0.4377594	0 0 0 1	
-0.9603519 -0.02123846 -0.2779804 0.1379987	-0.02811132 0.9993892 0.02076144 1.260424	-0.2773696 -0.02775268 0.9603624 0.4378091	0 0 0 1	
-0.9603601 -0.02123211 -0.2779532 0.1380455	-0.02809883 0.9993899 0.02074391 1.260416	-0.2773432 -0.02773178 0.9603708 0.4378671	0 0 0 1	
-0.9603736 -0.02121958 -0.2779065 0.1381115	-0.02808547 0.9993902 0.02074764 1.260416	-0.2772968 -0.02773063 0.960384 0.4378942	0 0 0 1	
-0.9603781 -0.021192 -0.2778936 0.1381848	-0.02805858 0.9993908 0.02075531 1.260415	-0.2772844 -0.02773024 0.9603876 0.4379262	0 0 0 1	
-0.9603599 -0.02134966 -0.277944 0.138109	-0.02825285 0.9993832 0.0208546 1.260628	-0.2773274 -0.02788064 0.9603709 0.4378728	0 0 0 1	
-0.9603707 -0.02135017 -0.2779069 0.1381561	-0.02825953 0.9993826 0.02087981 1.260643	-0.2772895 -0.02790587 0.960381 0.4378626	0 0 0 1	
-0.9603773 -0.02133128 -0.2778866 0.1382227	-0.02824081 0.9993829 0.02088518 1.260643	-0.2772696 -0.02790538 0.9603871 0.4378914	0 0 0 1	
-0.9603828 -0.02132803 -0.2778672 0.1382688	-0.0282347 0.9993833 0.02087774 1.260641	-0.2772505 -0.02789612 0.9603927 0.4379321	0 0 0 1	
-0.9603928 -0.02131622 -0.2778343 0.138335	-0.0282207 0.9993837 0.02087527 1.260639	-0.2772181 -0.02788913 0.9604026 0.4379675	0 0 0 1	
-0.9604038 -0.02129365 -0.2777978 0.1384195	-0.0282033 0.9993837 0.0209002 1.260645	-0.2771815 -0.02790744 0.9604124 0.4379684	0 0 0 1	
-0.9603279 -0.02143082 -0.2780497 0.1376123	-0.02835463 0.9993793 0.0209035 1.260681	-0.2774291 -0.0279582 0.9603394 0.4373643	0 0 0 1	
-0.9603413 -0.02143316 -0.2780025 0.1376414	-0.02835949 0.9993789 0.02091685 1.26069	-0.2773815 -0.02797132 0.9603528 0.4373485	0 0 0 1	
-0.9603468 -0.02142237 -0.2779847 0.1376747	-0.0283469 0.9993793 0.02091399 1.260688	-0.2773642 -0.02796469 0.960358 0.4373649	0 0 0 1	
-0.9603565 -0.02141881 -0.2779509 0.1377079	-0.02834822 0.9993789 0.02093496 1.260698	-0.2773299 -0.02798444 0.9603672 0.4373419	0 0 0 1	
-0.9603583 -0.02140362 -0.2779469 0.1377428	-0.02833057 0.9993795 0.02092899 1.260695	-0.2773265 -0.02797372 0.9603688 0.437364	0 0 0 1	
-0.960364 -0.02138139 -0.2779279 0.137795	-0.0283082 0.99938 0.02093363 1.260695	-0.277308 -0.02797154 0.9603739 0.4373713	0 0 0 1	
-0.960324 -0.02144367 -0.2780612 0.1374476	-0.02834879 0.9993809 0.02083579 1.26053	-0.2774423 -0.02789181 0.9603374 0.4373158	0 0 0 1	
-0.9603359 -0.02142259 -0.2780219 0.1375051	-0.02833011 0.9993811 0.02085118 1.260528	-0.2774031 -0.02790053 0.9603485 0.4373017	0 0 0 1	
-0.9603442 -0.0214 -0.2779954 0.1375581	-0.02830583 0.9993818 0.02085131 1.260518	-0.2773773 -0.02789332 0.9603564 0.4373117	0 0 0 1	
-0.9603527 -0.02137604 -0.2779669 0.1376145	-0.02828286 0.9993823 0.02086105 1.26051	-0.2773493 -0.02789566 0.9603641 0.4373083	0 0 0 1	
-0.960357 -0.02137373 -0.2779529 0.1376366	-0.02828052 0.9993823 0.02086279 1.260506	-0.2773353 -0.02789638 0.9603682 0.4373105	0 0 0 1	
-0.9603604 -0.02136064 -0.277942 0.1376735	-0.02826072 0.9993833 0.02084251 1.260491	-0.2773254 -0.02787116 0.9603717 0.4373487	0 0 0 1	
-0.9602962 -0.02145295 -0.2781569 0.1372049	-0.02836965 0.9993797 0.02086456 1.260624	-0.2775368 -0.02792737 0.9603091 0.4368858	0 0 0 1	
-0.960304 -0.02145936 -0.2781295 0.1372198	-0.0283774 0.9993794 0.02087115 1.260631	-0.277509 -0.02793524 0.9603169 0.43686	0 0 0 1	
-0.9603062 -0.02144692 -0.2781225 0.1372498	-0.02836173 0.99938 0.02086248 1.260627	-0.2775026 -0.0279224 0.960319 0.4368649	0 0 0 1	
-0.9603059 -0.02144437 -0.2781245 0.1372634	-0.02835958 0.99938 0.02086398 1.26063	-0.2775047 -0.02792329 0.9603187 0.4368523	0 0 0 1	
-0.9603169 -0.02143133 -0.278087 0.1373109	-0.02834694 0.9993802 0.02087115 1.260634	-0.2774674 -0.02792583 0.9603292 0.4368289	0 0 0 1	
-0.9603242 -0.02142059 -0.2780624 0.1373485	-0.02834134 0.9993799 0.02089302 1.260647	-0.2774425 -0.02794473 0.9603357 0.4367857	0 0 0 1	
-0.9602754 -0.02171163 -0.2782086 0.1367716	-0.02865868 0.9993702 0.02092769 1.26077	-0.277579 -0.02806944 0.9602928 0.4367439	0 0 0 1	
-0.9602761 -0.02170935 -0.2782058 0.1367824	-0.02865633 0.9993702 0.02092806 1.260772	-0.2775763 -0.02806907 0.9602934 0.4367372	0 0 0 1	
-0.960281 -0.0216981 -0.2781903 0.136813	-0.02864907 0.9993701 0.0209451 1.260779	-0.2775606 -0.02808307 0.9602977 0.4367079	0 0 0 1	
-0.9602928 -0.02169021 -0.2781497 0.136853	-0.02864319 0.99937 0.02095741 1.260785	-0.2775199 -0.02809235 0.9603091 0.4366786	0 0 0 1	
-0.9602969 -0.02166404 -0.2781379 0.1369039	-0.02861368 0.9993709 0.02095082 1.260776	-0.2775091 -0.02807755 0.9603127 0.4366868	0 0 0 1	
-0.9603016 -0.02163783 -0.2781234 0.1369567	-0.0285888 0.9993715 0.02096062 1.260774	-0.2774951 -0.02807973 0.9603167 0.4366722	0 0 0 1	
-0.9603111 -0.0216453 -0.2780898 0.1369737	-0.02859541 0.9993713 0.02096013 1.260775	-0.2774613 -0.02808033 0.9603263 0.4366552	0 0 0 1	
-0.960315 -0.02163765 -0.2780771 0.1369984	-0.02859148 0.9993711 0.02097543 1.26078	-0.2774484 -0.02809365 0.9603298 0.4366246	0 0 0 1	
-0.9603177 -0.0216326 -0.2780682 0.1370174	-0.02858958 0.9993709 0.02098796 1.260787	-0.2774393 -0.02810496 0.960332 0.4365961	0 0 0 1	
-0.9603226 -0.0216002 -0.278055 0.1370755	-0.0285592 0.9993715 0.02100094 1.260786	-0.2774265 -0.0281087 0.9603359 0.4365756	0 0 0 1	
-0.9603305 -0.02160591 -0.2780265 0.1370897	-0.02856755 0.999371 0.02101226 1.260797	-0.2773976 -0.02812125 0.9603436 0.436539	0 0 0 1	
-0.9603323 -0.02160051 -0.278021 0.1371074	-0.02856134 0.9993712 0.02101079 1.2608	-0.2773924 -0.02811799 0.9603454 0.4365276	0 0 0 1	
-0.9603376 -0.02159449 -0.2780024 0.1371323	-0.02854879 0.999372 0.02099098 1.260796	-0.2773746 -0.02809506 0.960351 0.4365397	0 0 0 1	
-0.9603484 -0.02159751 -0.2779651 0.1371538	-0.02855523 0.9993715 0.02100633 1.260812	-0.2773367 -0.02811075 0.9603615 0.4364947	0 0 0 1	
-0.9603523 -0.0216233 -0.2779499 0.1371348	-0.02858768 0.9993701 0.0210274 1.260836	-0.2773201 -0.02813965 0.9603655 0.4364358	0 0 0 1	
-0.960357 -0.02162069 -0.2779337 0.1371551	-0.02858802 0.9993699 0.02103969 1.260851	-0.2773037 -0.02815118 0.9603698 0.4363994	0 0 0 1	
-0.9603652 -0.02160998 -0.2779064 0.1371934	-0.02857091 0.9993707 0.02102187 1.26085	-0.2772772 -0.02812871 0.9603782 0.436406	0 0 0 1	
-0.960367 -0.0215974 -0.2779012 0.1372232	-0.02856256 0.9993706 0.02103888 1.260867	-0.2772719 -0.02814261 0.9603794 0.4363682	0 0 0 1	
-0.9603693 -0.02173691 -0.2778815 0.1370175	-0.02869716 0.9993675 0.02100432 1.260899	-0.2772491 -0.02814632 0.9603857 0.4365004	0 0 0 1	
-0.960382 -0.02173308 -0.2778383 0.1370511	-0.02869189 0.9993676 0.02100443 1.260911	-0.2772061 -0.02814399 0.9603982 0.4364859	0 0 0 1	
-0.9603909 -0.02174112 -0.2778071 0.1370619	-0.02870249 0.9993671 0.02101547 1.260932	-0.2771743 -0.02815682 0.960407 0.4364522	0 0 0 1	
-0.9603965 -0.02174103 -0.2777878 0.137077	-0.02870728 0.9993665 0.02103443 1.260956	-0.2771545 -0.02817593 0.9604123 0.4364109	0 0 0 1	
-0.9603965 -0.02172905 -0.2777883 0.1370983	-0.02870303 0.999366 0.02106286 1.260982	-0.2771545 -0.02820206 0.9604113 0.4363617	0 0 0 1	
-0.9604039 -0.02171714 -0.2777638 0.1371314	-0.02869418 0.999366 0.02107774 1.261003	-0.27713 -0.02821335 0.9604182 0.4363283	0 0 0 1	
-0.9603426 -0.0218237 -0.2779674 0.1367168	-0.02880191 0.9993635 0.02104524 1.260922	-0.2773311 -0.02821663 0.9603601 0.4366031	0 0 0 1	
-0.9603465 -0.02182833 -0.2779536 0.1367175	-0.02880887 0.9993632 0.02105411 1.260933	-0.277317 -0.02822677 0.9603637 0.4365842	0 0 0 1	
-0.960351 -0.02182478 -0.2779385 0.13673	-0.02880325 0.9993634 0.02104907 1.260935	-0.2773021 -0.02822003 0.9603684 0.4365861	0 0 0 1	
-0.960356 -0.02182768 -0.2779209 0.1367348	-0.02880503 0.9993634 0.02104663 1.260941	-0.2772846 -0.02821778 0.9603734 0.4365798	0 0 0 1	
-0.9603593 -0.02181663 -0.2779106 0.1367528	-0.02879305 0.9993638 0.02104605 1.260943	-0.2772746 -0.02821366 0.9603766 0.4365774	0 0 0 1	
-0.9603641 -0.02180678 -0.2778947 0.136771	-0.02878448 0.9993639 0.02105352 1.260952	-0.2772589 -0.0282181 0.9603809 0.4365613	0 0 0 1	
-0.9603064 -0.02166286 -0.2781043 0.1367595	-0.02861265 0.9993709 0.02095505 1.260845	-0.2774754 -0.02808058 0.960322 0.4368217	0 0 0 1	
-0.9603146 -0.02165592 -0.2780776 0.1367842	-0.02860808 0.9993708 0.020967 1.260851	-0.2774486 -0.02809018 0.9603299 0.4368035	0 0 0 1	
-0.9603212 -0.02163467 -0.2780562 0.1368271	-0.02858291 0.9993716 0.0209587 1.260843	-0.2774281 -0.02807474 0.9603361 0.4368166	0 0 0 1	
-0.9603256 -0.02162643 -0.2780426 0.1368506	-0.02857028 0.9993723 0.02094609 1.260837	-0.2774151 -0.02805882 0.9603406 0.4368307	0 0 0 1	
-0.9603325 -0.02161716 -0.2780187 0.1368821	-0.02855635 0.999373 0.02093379 1.260831	-0.2773919 -0.02804259 0.9603477 0.4368445	0 0 0 1	
-0.9603449 -0.02160743 -0.2779763 0.1369243	-0.02854993 0.9993728 0.02095107 1.260837	-0.2773493 -0.02805646 0.9603595 0.4368147	0 0 0 1	
-0.9603317 -0.02171285 -0.2780144 0.1367302	-0.02863501 0.9993722 0.02086179 1.260792	-0.2773868 -0.02799518 0.9603505 0.4368439	0 0 0 1	
-0.9603436 -0.02170873 -0.2779732 0.136764	-0.02863694 0.9993716 0.02088767 1.260798	-0.2773451 -0.02801964 0.9603618 0.4368026	0 0 0 1	
-0.9603499 -0.02170857 -0.2779514 0.1367842	-0.02863487 0.9993718 0.02088338 1.260791	-0.2773235 -0.02801445 0.9603683 0.4368032	0 0 0 1	
-0.9603556 -0.02170988 -0.277931 0.1368027	-0.02863364 0.9993719 0.02087651 1.260785	-0.2773033 -0.02800705 0.9603741 0.436806	0 0 0 1	
-0.9603637 -0.02168606 -0.2779059 0.1368584	-0.02860648 0.9993728 0.02087094 1.260774	-0.2772789 -0.0279936 0.9603817 0.4368151	0 0 0 1	
-0.9603686 -0.02166036 -0.2778901 0.1369126	-0.02858343 0.9993732 0.02088539 1.260774	-0.2772636 -0.02800073 0.9603858 0.4367965	0 0 0 1	
-0.960373 -0.02163859 -0.2778766 0.1369597	-0.02856571 0.9993733 0.02090392 1.260775	-0.2772501 -0.0280133 0.9603894 0.4367701	0 0 0 1	
-0.9603804 -0.02162779 -0.2778525 0.1369977	-0.02855566 0.9993734 0.02091054 1.260773	-0.2772262 -0.02801633 0.9603964 0.4367538	0 0 0 1	
-0.9603872 -0.02161252 -0.2778293 0.1370419	-0.02853608 0.9993743 0.02090022 1.260765	-0.2772038 -0.02800046 0.9604031 0.4367635	0 0 0 1	
-0.9603988 -0.0215926 -0.277792 0.1371012	-0.0285142 0.9993749 0.02090016 1.260763	-0.277167 -0.0279935 0.9604141 0.4367594	0 0 0 1	
-0.9604084 -0.0215883 -0.2777579 0.1371384	-0.02850464 0.9993755 0.02088612 1.260761	-0.2771335 -0.02797659 0.9604241 0.4367678	0 0 0 1	
-0.9604176 -0.02157707 -0.2777273 0.1371843	-0.028495 0.9993755 0.02089643 1.260769	-0.277103 -0.02798313 0.9604328 0.4367443	0 0 0 1	
-0.9604243 -0.02157753 -0.2777046 0.1372099	-0.02849928 0.999375 0.02091196 1.260782	-0.2770798 -0.02799873 0.960439 0.43671	0 0 0 1	
-0.9604323 -0.02157062 -0.2776775 0.1372476	-0.02848763 0.9993756 0.02089935 1.260783	-0.2770534 -0.02798278 0.9604472 0.4367181	0 0 0 1	
-0.9604391 -0.02155258 -0.2776562 0.1372987	-0.02847074 0.9993759 0.02090812 1.260794	-0.2770323 -0.02798605 0.9604533 0.4367021	0 0 0 1	
-0.9604453 -0.02154768 -0.277634 0.1373338	-0.02847337 0.9993752 0.02093727 1.260819	-0.2770094 -0.02801427 0.9604588 0.4366515	0 0 0 1	
-0.9604559 -0.02155287 -0.2775975 0.1373635	-0.02847999 0.9993749 0.02094534 1.260836	-0.2769725 -0.02802304 0.9604692 0.4366256	0 0 0 1	
-0.9604614 -0.02155493 -0.2775785 0.1373878	-0.02848965 0.999374 0.02097341 1.260861	-0.2769526 -0.02805226 0.9604743 0.4365762	0 0 0 1	
-0.9604683 -0.02156048 -0.2775539 0.1374091	-0.02849121 0.9993742 0.02096136 1.26087	-0.2769283 -0.02804056 0.9604815 0.4365801	0 0 0 1	
-0.9604805 -0.02157397 -0.2775105 0.1374291	-0.02849887 0.9993744 0.02094382 1.26088	-0.2768851 -0.02802486 0.9604944 0.4365858	0 0 0 1	
-0.9604896 -0.02158263 -0.277478 0.1374509	-0.02850434 0.9993744 0.02093496 1.260892	-0.2768526 -0.02801714 0.9605039 0.4365818	0 0 0 1	
-0.960493 -0.02158182 -0.277467 0.1374767	-0.02849819 0.999375 0.02091771 1.260898	-0.2768421 -0.02799862 0.9605076 0.4365953	0 0 0 1	
-0.9604977 -0.02158664 -0.2774492 0.1375	-0.02849345 0.9993758 0.02088571 1.260897	-0.2768251 -0.02796616 0.9605132 0.4366254	0 0 0 1	
-0.9604998 -0.02158741 -0.2774421 0.1375245	-0.02849504 0.9993756 0.02088923 1.260913	-0.2768179 -0.02796983 0.9605153 0.4366074	0 0 0 1	
-0.9604354 -0.02193495 -0.2776378 0.1370645	-0.02884172 0.9993672 0.02081683 1.26095	-0.2770056 -0.02800077 0.9604602 0.4366649	0 0 0 1	
-0.9604393 -0.02192349 -0.2776251 0.1370978	-0.02882791 0.9993677 0.02081163 1.260952	-0.2769933 -0.02799166 0.9604641 0.4366682	0 0 0 1	
-0.9604458 -0.02190988 -0.2776043 0.1371387	-0.02882087 0.9993674 0.02083853 1.26097	-0.2769721 -0.02801508 0.9604696 0.4366254	0 0 0 1	
-0.9604427 -0.0218909 -0.2776164 0.1371692	-0.02880525 0.9993675 0.02085156 1.26098	-0.2769843 -0.02802353 0.9604658 0.4366071	0 0 0 1	
-0.9604418 -0.02187541 -0.2776202 0.1371975	-0.02878615 0.9993683 0.0208408 1.26098	-0.2769889 -0.02800799 0.9604648 0.4366182	0 0 0 1	
-0.9604436 -0.0218679 -0.2776145 0.1372195	-0.02877985 0.9993684 0.02084664 1.26099	-0.2769833 -0.02801172 0.9604664 0.4366004	0 0 0 1	
-0.960373 -0.02191071 -0.2778558 0.1365442	-0.02882371 0.9993677 0.02081889 1.260819	-0.2772239 -0.02800272 0.9603974 0.4368128	0 0 0 1	
-0.9603772 -0.02191106 -0.2778412 0.1365409	-0.02882572 0.9993675 0.02082612 1.260818	-0.2772092 -0.0280099 0.9604013 0.4367984	0 0 0 1	
-0.9603857 -0.02190833 -0.2778127 0.136548	-0.02882395 0.9993674 0.02083286 1.260817	-0.2771806 -0.02801523 0.9604096 0.4367819	0 0 0 1	
-0.9603909 -0.02191287 -0.2777938 0.1365407	-0.02882869 0.9993672 0.02083488 1.260814	-0.2771615 -0.02801805 0.9604149 0.4367707	0 0 0 1	
-0.9603963 -0.02191504 -0.2777749 0.1365362	-0.02883578 0.9993666 0.02085363 1.26082	-0.2771419 -0.02803761 0.96042 0.4367378	0 0 0 1	
-0.9604011 -0.02190464 -0.2777594 0.1365473	-0.02882093 0.9993673 0.02084131 1.260807	-0.2771271 -0.0280213 0.9604247 0.4367536	0 0 0 1	
-0.9602758 -0.02190489 -0.2781923 0.1363345	-0.02878224 0.9993721 0.02066106 1.260728	-0.2775651 -0.02784731 0.9603033 0.4370193	0 0 0 1	
-0.9602895 -0.02190063 -0.2781445 0.1363672	-0.02877746 0.9993722 0.02066484 1.260728	-0.2775173 -0.02784852 0.9603169 0.4370122	0 0 0 1	
-0.9602958 -0.02189589 -0.2781241 0.1363865	-0.02876846 0.9993727 0.02065288 1.26072	-0.2774974 -0.02783407 0.9603233 0.4370309	0 0 0 1	
-0.9602968 -0.02191076 -0.2781198 0.1363718	-0.02878356 0.9993723 0.02065202 1.260724	-0.2774927 -0.02783734 0.9603246 0.4370272	0 0 0 1	
-0.9603045 -0.02189978 -0.2780943 0.1364027	-0.0287716 0.9993726 0.02065284 1.26072	-0.2774675 -0.02783422 0.960332 0.4370261	0 0 0 1	
-0.9603118 -0.02189375 -0.2780682 0.1364267	-0.02876388 0.9993729 0.02065059 1.260718	-0.2774417 -0.02782932 0.9603393 0.4370257	0 0 0 1	
-0.9602724 -0.02189255 -0.2782045 0.1362725	-0.02875997 0.9993735 0.02062718 1.260738	-0.2775787 -0.02780886 0.9603004 0.4370025	0 0 0 1	
-0.9602757 -0.02188257 -0.2781943 0.1362889	-0.02874462 0.9993743 0.02061103 1.260733	-0.2775692 -0.02778886 0.9603038 0.4370249	0 0 0 1	
-0.9602822 -0.02186313 -0.2781728 0.1363235	-0.02872259 0.999375 0.02060706 1.260732	-0.2775484 -0.02777843 0.96031 0.4370314	0 0 0 1	
-0.9602884 -0.02185557 -0.278152 0.1363423	-0.02871176 0.9993755 0.02059902 1.260733	-0.277528 -0.02776723 0.9603162 0.4370371	0 0 0 1	
-0.9602988 -0.02185196 -0.2781173 0.1363614	-0.02871549 0.9993747 0.02062851 1.260754	-0.2774926 -0.0277958 0.9603258 0.4369872	0 0 0 1	
-0.9603041 -0.02185613 -0.2780987 0.1363618	-0.02871372 0.9993752 0.02060932 1.260754	-0.2774745 -0.02777645 0.9603317 0.437002	0 0 0 1	
-0.9602703 -0.02183355 -0.2782173 0.1363141	-0.02871735 0.9993734 0.0206908 1.260762	-0.2775912 -0.02785842 0.9602956 0.4368859	0 0 0 1	
-0.9602735 -0.02182837 -0.2782056 0.1363328	-0.02871562 0.9993732 0.0207047 1.260769	-0.2775793 -0.02787102 0.9602983 0.4368575	0 0 0 1	
-0.960283 -0.02184534 -0.2781716 0.1363321	-0.02873343 0.9993726 0.02070876 1.260777	-0.2775447 -0.0278791 0.9603082 0.4368302	0 0 0 1	
-0.9602845 -0.02182224 -0.2781688 0.1363678	-0.02871265 0.9993729 0.02072033 1.260779	-0.2775422 -0.02788437 0.9603089 0.4368111	0 0 0 1	
-0.9602845 -0.02180893 -0.2781693 0.1363896	-0.02870514 0.9993727 0.02074222 1.260789	-0.2775424 -0.02790332 0.9603081 0.4367732	0 0 0 1	
-0.9602877 -0.02179682 -0.27816 0.1364143	-0.02869416 0.9993728 0.02074881 1.260793	-0.2775333 -0.02790638 0.9603109 0.4367546	0 0 0 1	
-0.960301 -0.02186274 -0.2781084 0.136278	-0.02873014 0.999374 0.02064131 1.260726	-0.277483 -0.02781196 0.9603281 0.4369527	0 0 0 1	
-0.9603049 -0.02185515 -0.2780951 0.1362917	-0.02872392 0.9993741 0.02064851 1.260729	-0.2774698 -0.02781685 0.9603316 0.4369447	0 0 0 1	
-0.9603071 -0.02187841 -0.2780861 0.1362613	-0.02874456 0.9993737 0.0206371 1.260734	-0.2774604 -0.02781142 0.9603345 0.4369514	0 0 0 1	
-0.9603131 -0.02186605 -0.2780664 0.1362819	-0.02872008 0.9993752 0.02059899 1.260719	-0.2774422 -0.02776757 0.9603411 0.4370078	0 0 0 1	
-0.9603212 -0.0218518 -0.2780395 0.1363079	-0.02871132 0.999375 0.02062276 1.260732	-0.277415 -0.02778735 0.9603484 0.4369783	0 0 0 1	
-0.9603282 -0.02183832 -0.2780164 0.1363312	-0.02870409 0.9993746 0.0206487 1.260747	-0.2773917 -0.02780973 0.9603544 0.4369462	0 0 0 1	
-0.9603302 -0.02183869 -0.2780091 0.1363272	-0.02870836 0.9993743 0.02066294 1.26076	-0.2773839 -0.02782443 0.9603562 0.4369283	0 0 0 1	
-0.9603339 -0.02183438 -0.2779968 0.1363318	-0.02870579 0.9993742 0.02067084 1.26077	-0.2773715 -0.02783102 0.9603597 0.4369212	0 0 0 1	
-0.9603422 -0.02181838 -0.2779694 0.1363589	-0.02869183 0.9993743 0.02068301 1.26078	-0.2773442 -0.02783822 0.9603673 0.4369096	0 0 0 1	
-0.9603453 -0.02183764 -0.277957 0.1363321	-0.02870498 0.9993744 0.02066043 1.260783	-0.2773319 -0.0278199 0.9603713 0.4369318	0 0 0 1	
-0.9603498 -0.02184686 -0.2779416 0.13632	-0.02871892 0.9993737 0.02067709 1.260801	-0.2773157 -0.02783942 0.9603757 0.4369025	0 0 0 1	
-0.9603552 -0.0218447 -0.2779227 0.1363243	-0.02871423 0.9993739 0.02067064 1.260807	-0.2772971 -0.02783149 0.9603812 0.4369073	0 0 0 1	
-0.9603655 -0.02183865 -0.2778877 0.1363419	-0.02870424 0.9993744 0.02066147 1.260809	-0.2772627 -0.02781911 0.9603915 0.4369146	0 0 0 1	
-0.9603734 -0.02182233 -0.2778613 0.1363702	-0.02868828 0.9993747 0.02066777 1.260817	-0.2772365 -0.02782013 0.9603989 0.4369072	0 0 0 1	
-0.9603822 -0.02181297 -0.2778312 0.1363906	-0.02868157 0.9993746 0.02068141 1.26083	-0.2772063 -0.02783069 0.9604073 0.4368869	0 0 0 1	
-0.9603908 -0.02182694 -0.2778009 0.1363809	-0.02869545 0.9993742 0.0206823 1.260843	-0.2771757 -0.02783471 0.9604161 0.4368751	0 0 0 1	
-0.9603931 -0.02183823 -0.2777923 0.1363648	-0.02870039 0.9993745 0.02065961 1.260847	-0.2771674 -0.02781408 0.9604192 0.4369011	0 0 0 1	
-0.9603961 -0.02183709 -0.2777817 0.1363658	-0.02869694 0.9993747 0.02065286 1.260855	-0.277157 -0.02780641 0.9604223 0.4369097	0 0 0 1	
-0.9604059 -0.02184514 -0.2777469 0.1363666	-0.02870751 0.9993743 0.02066412 1.260874	-0.2771217 -0.02781937 0.9604321 0.436886	0 0 0 1	
-0.9604163 -0.02184987 -0.2777106 0.1363713	-0.02871677 0.9993736 0.02068295 1.260898	-0.2770847 -0.0278392 0.9604422 0.4368521	0 0 0 1	
-0.9604294 -0.0218527 -0.2776654 0.1363826	-0.02871642 0.9993737 0.02067624 1.260911	-0.2770396 -0.02783162 0.9604554 0.4368518	0 0 0 1	
-0.9604424 -0.02185806 -0.2776203 0.1363916	-0.02871587 0.9993741 0.02065972 1.26092	-0.2769949 -0.02781458 0.960469 0.436864	0 0 0 1	
-0.9604522 -0.02185208 -0.2775866 0.1364092	-0.02871041 0.9993742 0.02066586 1.260935	-0.2769613 -0.0278182 0.9604784 0.4368497	0 0 0 1	
-0.9604592 -0.02185668 -0.2775625 0.1364092	-0.02871746 0.9993737 0.02067625 1.260955	-0.2769368 -0.02782958 0.9604855 0.4368238	0 0 0 1	
-0.9604676 -0.02184503 -0.2775335 0.1364337	-0.0287061 0.9993739 0.02068193 1.260972	-0.2769079 -0.02783122 0.9604933 0.4368099	0 0 0 1	
-0.9604715 -0.02182641 -0.2775212 0.1364585	-0.02868547 0.9993746 0.02067887 1.260984	-0.2768963 -0.02782229 0.9604969 0.4368144	0 0 0 1	
-0.9604818 -0.02182164 -0.2774861 0.1364759	-0.0286788 0.9993748 0.0206766 1.261	-0.2768614 -0.02781746 0.9605072 0.4368092	0 0 0 1	
-0.9604887 -0.02182835 -0.2774619 0.1364725	-0.02869068 0.999374 0.02069612 1.261027	-0.2768364 -0.02783896 0.9605137 0.436771	0 0 0 1	
-0.9604931 -0.02182755 -0.2774467 0.1364759	-0.02869154 0.9993739 0.02070357 1.261047	-0.276821 -0.027846 0.9605179 0.4367537	0 0 0 1	
-0.9605039 -0.0218302 -0.2774092 0.1364856	-0.02869596 0.9993736 0.02071326 1.261068	-0.2767832 -0.02785569 0.9605286 0.4367273	0 0 0 1	
-0.9605098 -0.02183308 -0.2773888 0.1364876	-0.0287024 0.9993731 0.02072735 1.261092	-0.2767623 -0.02787054 0.9605342 0.4366956	0 0 0 1	
-0.9605124 -0.02182808 -0.2773798 0.1364951	-0.02869819 0.9993731 0.02073174 1.261111	-0.2767534 -0.02787339 0.9605367 0.4366823	0 0 0 1	
-0.9605198 -0.02181918 -0.2773561 0.1365152	-0.02868869 0.9993733 0.0207334 1.261128	-0.2767299 -0.02787182 0.9605438 0.4366715	0 0 0 1	
-0.9605278 -0.02183226 -0.2773263 0.136508	-0.02870576 0.9993725 0.02074854 1.261158	-0.2766994 -0.02789041 0.9605517 0.4366319	0 0 0 1	
-0.9605317 -0.02182102 -0.2773139 0.1365259	-0.02869624 0.9993726 0.02075741 1.261179	-0.276687 -0.02789601 0.9605552 0.4366126	0 0 0 1	
-0.9605371 -0.0218077 -0.277296 0.1365499	-0.02868417 0.9993728 0.02076547 1.261202	-0.2766692 -0.02790001 0.9605601 0.4365942	0 0 0 1	
-0.9605417 -0.02180644 -0.2772804 0.1365558	-0.02868319 0.9993728 0.02076827 1.261227	-0.2766536 -0.02790207 0.9605647 0.4365799	0 0 0 1	
-0.9605453 -0.02180778 -0.2772675 0.1365577	-0.0286842 0.9993727 0.0207683 1.261251	-0.2766407 -0.02790209 0.9605683 0.4365689	0 0 0 1	
-0.9605448 -0.02179688 -0.2772699 0.1365696	-0.02866964 0.9993734 0.02075685 1.261267	-0.2766437 -0.02788711 0.9605678 0.4365819	0 0 0 1	
-0.9605469 -0.02180086 -0.2772624 0.136569	-0.028668 0.9993739 0.02073758 1.261284	-0.2766367 -0.02786797 0.9605705 0.4365969	0 0 0 1	
-0.9605505 -0.02179488 -0.27725 0.1365856	-0.02866476 0.9993737 0.02074923 1.261313	-0.2766242 -0.02787799 0.9605737 0.4365717	0 0 0 1	
-0.9605554 -0.02178648 -0.2772337 0.1366071	-0.02865934 0.9993736 0.02076247 1.261343	-0.2766076 -0.02788883 0.9605782 0.4365443	0 0 0 1	
-0.9604397 -0.0217366 -0.2776394 0.1367265	-0.02862891 0.9993738 0.02079439 1.260714	-0.2770135 -0.02792027 0.9604605 0.4365281	0 0 0 1	
-0.9604442 -0.02172468 -0.2776241 0.1367576	-0.02861999 0.9993738 0.02080808 1.260698	-0.2769982 -0.0279306 0.9604646 0.4365036	0 0 0 1	
-0.9604521 -0.02172957 -0.2775973 0.1367716	-0.02862217 0.9993739 0.0208008 1.260677	-0.2769715 -0.0279236 0.9604727 0.4364986	0 0 0 1	
-0.9604589 -0.02174194 -0.2775714 0.1367747	-0.02862845 0.9993741 0.02078068 1.260653	-0.2769458 -0.02790543 0.9604802 0.4365052	0 0 0 1	
-0.9604625 -0.0217405 -0.2775604 0.1367893	-0.0286369 0.9993731 0.02081633 1.260651	-0.2769338 -0.02794176 0.9604828 0.4364407	0 0 0 1	
-0.9604681 -0.02174311 -0.2775401 0.1368028	-0.02863899 0.9993731 0.02081629 1.260634	-0.2769135 -0.02794185 0.9604887 0.4364218	0 0 0 1	
-0.9604032 -0.02179415 -0.2777601 0.1365704	-0.0286613 0.9993751 0.02068646 1.260805	-0.2771357 -0.02782831 0.9604278 0.4370595	0 0 0 1	
-0.9604118 -0.02178984 -0.2777312 0.1365862	-0.02865184 0.9993756 0.02067222 1.260806	-0.2771073 -0.02781134 0.9604365 0.4370947	0 0 0 1	
-0.9604213 -0.02177722 -0.2776992 0.1366138	-0.02863909 0.9993759 0.0206769 1.260813	-0.2770756 -0.02781159 0.9604456 0.4371066	0 0 0 1	
-0.9604254 -0.02178507 -0.2776839 0.1366054	-0.02864519 0.9993759 0.02067133 1.260819	-0.2770602 -0.02780758 0.9604501 0.437129	0 0 0 1	
-0.9604363 -0.0217806 -0.2776466 0.1366232	-0.02864285 0.9993757 0.02068322 1.26083	-0.2770228 -0.0278175 0.9604605 0.4371297	0 0 0 1	
-0.9604414 -0.02176448 -0.2776304 0.1366451	-0.02862428 0.9993763 0.02067869 1.260829	-0.2770072 -0.02780764 0.9604653 0.4371594	0 0 0 1	
-0.9604489 -0.02176079 -0.2776053 0.1366546	-0.02861416 0.999377 0.02065956 1.260825	-0.2769828 -0.02778589 0.9604732 0.4372053	0 0 0 1	
-0.9603904 -0.02166507 -0.2778142 0.1367405	-0.02854417 0.9993774 0.02074036 1.260669	-0.2771919 -0.02784882 0.9604108 0.436835	0 0 0 1	
-0.9603922 -0.0216625 -0.2778095 0.1367477	-0.02853978 0.9993776 0.02073492 1.260659	-0.2771874 -0.02784227 0.9604127 0.4368368	0 0 0 1	
-0.9603958 -0.02166621 -0.2777961 0.1367511	-0.02854077 0.9993777 0.02072637 1.260651	-0.2771742 -0.02783403 0.9604166 0.436837	0 0 0 1	
-0.9604059 -0.02167604 -0.2777599 0.1367578	-0.02854968 0.9993775 0.02072559 1.260647	-0.2771378 -0.02783494 0.9604269 0.4368206	0 0 0 1	
-0.9604102 -0.02167667 -0.2777461 0.1367645	-0.02855608 0.9993768 0.02074695 1.26065	-0.2771233 -0.02785691 0.9604307 0.4367794	0 0 0 1	
-0.9604143 -0.02167754 -0.2777312 0.1367697	-0.02855759 0.9993767 0.02075061 1.260644	-0.2771083 -0.02786051 0.9604348 0.4367616	0 0 0 1	
-0.9603368 -0.02178758 -0.2779902 0.1364626	-0.0286161 0.9993796 0.0205296 1.260619	-0.2773704 -0.02767032 0.9603645 0.4370627	0 0 0 1	
-0.9603368 -0.02178144 -0.2779909 0.1364685	-0.02861066 0.9993797 0.02053283 1.260618	-0.2773712 -0.02767194 0.9603643 0.4370556	0 0 0 1	
-0.9603395 -0.02177835 -0.2779814 0.1364758	-0.02861145 0.9993794 0.02054767 1.260621	-0.2773614 -0.02768619 0.9603667 0.4370309	0 0 0 1	
-0.9603392 -0.02175903 -0.2779846 0.1364992	-0.02859598 0.9993795 0.02056341 1.260621	-0.2773647 -0.02769709 0.9603655 0.437013	0 0 0 1	
-0.9603438 -0.02174734 -0.2779694 0.1365225	-0.0285822 0.99938 0.02055939 1.260616	-0.2773499 -0.02768906 0.9603699 0.4370161	0 0 0 1	
-0.9603444 -0.02173261 -0.277968 0.1365444	-0.02856675 0.9993805 0.02055913 1.260612	-0.277349 -0.02768449 0.9603703 0.4370148	0 0 0 1	
-0.9603486 -0.02174611 -0.2779529 0.1365365	-0.02857885 0.9993802 0.02055391 1.260613	-0.2773337 -0.02768249 0.9603748 0.4370056	0 0 0 1	
-0.9603516 -0.02172813 -0.2779442 0.1365678	-0.02856203 0.9993805 0.02056135 1.260615	-0.2773253 -0.02768477 0.9603772 0.436991	0 0 0 1	
-0.9603574 -0.02169208 -0.2779264 0.1366286	-0.02853306 0.9993807 0.02059285 1.260622	-0.2773075 -0.02770658 0.9603816 0.4369494	0 0 0 1	
-0.9603626 -0.02169441 -0.2779097 0.1366371	-0.0285401 0.9993801 0.02061058 1.260634	-0.2772903 -0.02772519 0.9603864 0.4369116	0 0 0 1	
-0.9603702 -0.02169709 -0.2778824 0.1366496	-0.02854449 0.9993798 0.02061894 1.260643	-0.2772627 -0.02773382 0.9603939 0.4368855	0 0 0 1	
-0.9603761 -0.02168759 -0.2778624 0.1366759	-0.02853313 0.9993802 0.02061589 1.260643	-0.2772431 -0.02772729 0.9603997 0.4368806	0 0 0 1	
-0.9603791 -0.02168871 -0.2778516 0.1366822	-0.0285367 0.9993799 0.02062538 1.260651	-0.2772319 -0.02773716 0.9604026 0.436855	0 0 0 1	
-0.9603838 -0.02168906 -0.2778367 0.1366904	-0.02853873 0.9993797 0.02063269 1.260657	-0.2772168 -0.0277444 0.960407 0.4368319	0 0 0 1	
-0.9603888 -0.02168018 -0.2778189 0.1367116	-0.02852906 0.99938 0.02063306 1.260658	-0.2771994 -0.02774167 0.9604118 0.436824	0 0 0 1	
-0.9603872 -0.02166413 -0.2778256 0.13673	-0.02851251 0.9993805 0.02063285 1.260658	-0.2772065 -0.02773703 0.96041 0.4368229	0 0 0 1	
-0.9603879 -0.02164565 -0.2778251 0.136754	-0.02849606 0.9993807 0.02064258 1.260665	-0.2772062 -0.0277418 0.96041 0.4368086	0 0 0 1	
-0.9603891 -0.02164105 -0.2778206 0.1367614	-0.02849135 0.9993808 0.0206433 1.260672	-0.2772019 -0.02774109 0.9604111 0.4368016	0 0 0 1	
-0.9603989 -0.02162654 -0.2777879 0.1367971	-0.02847568 0.9993813 0.02064473 1.260677	-0.2771695 -0.02773737 0.9604206 0.4367943	0 0 0 1	
-0.9604044 -0.02161768 -0.2777698 0.1368187	-0.02846363 0.9993818 0.02063682 1.260679	-0.277152 -0.02772603 0.9604261 0.4368018	0 0 0 1	
-0.960412 -0.02161201 -0.2777443 0.1368417	-0.02846006 0.9993817 0.02064752 1.260692	-0.2771263 -0.02773474 0.9604332 0.4367809	0 0 0 1	
-0.960411 -0.02160492 -0.2777483 0.1368524	-0.02845546 0.9993816 0.02065674 1.260704	-0.2771302 -0.02774241 0.9604318 0.4367664	0 0 0 1	
-0.9604096 -0.02158916 -0.2777539 0.1368739	-0.02844086 0.9993819 0.02066242 1.260716	-0.2771361 -0.02774395 0.96043 0.4367617	0 0 0 1	
-0.9604168 -0.02159946 -0.2777283 0.1368772	-0.02845632 0.9993811 0.02068149 1.260742	-0.2771098 -0.02776598 0.9604371 0.4367236	0 0 0 1	
-0.9603168 -0.02157905 -0.2780758 0.136729	-0.02849874 0.9993761 0.02086565 1.260848	-0.277452 -0.02796244 0.9603325 0.4365669	0 0 0 1	
-0.9603218 -0.02158543 -0.2780583 0.1367345	-0.02850874 0.9993755 0.0208791 1.26087	-0.2774339 -0.02797775 0.9603374 0.4365409	0 0 0 1	
-0.9603263 -0.02159714 -0.2780416 0.1367334	-0.02852273 0.9993749 0.0208871 1.260891	-0.2774167 -0.02798893 0.960342 0.4365214	0 0 0 1	
-0.9603268 -0.02161052 -0.2780392 0.1367239	-0.02853266 0.9993749 0.02087353 1.260905	-0.2774143 -0.0279786 0.960343 0.4365326	0 0 0 1	
-0.9603382 -0.02161106 -0.2779996 0.1367495	-0.02853692 0.9993744 0.02089052 1.260931	-0.2773743 -0.02799522 0.9603542 0.4364995	0 0 0 1	
-0.960269 -0.02178067 -0.2782249 0.1364135	-0.02871696 0.9993695 0.02087904 1.260991	-0.2775947 -0.02803927 0.960289 0.4364939	0 0 0 1	
-0.9602731 -0.02179012 -0.2782098 0.1364115	-0.02872839 0.999369 0.02088615 1.261013	-0.2775791 -0.02804893 0.9602933 0.4364747	0 0 0 1	
-0.9602807 -0.02179439 -0.2781842 0.1364228	-0.02872423 0.9993697 0.02085906 1.261018	-0.2775542 -0.02802118 0.9603014 0.4365029	0 0 0 1	
-0.9602879 -0.02179656 -0.2781588 0.136438	-0.02872677 0.9993696 0.0208627 1.261036	-0.2775287 -0.0280248 0.9603087 0.4364898	0 0 0 1	
-0.9602927 -0.02179737 -0.2781421 0.1364518	-0.0287214 0.9993701 0.02084296 1.261045	-0.2775125 -0.02800396 0.9603139 0.43651	0 0 0 1	
-0.9602964 -0.02181489 -0.2781275 0.1364436	-0.02874091 0.9993694 0.02084892 1.261072	-0.2774973 -0.02801478 0.9603179 0.436487	0 0 0 1	
-0.9603002 -0.0218263 -0.2781139 0.1364434	-0.02875265 0.9993691 0.02084988 1.261094	-0.2774833 -0.02801866 0.9603219 0.4364723	0 0 0 1	
-0.9602282 -0.02170002 -0.2783718 0.1364176	-0.02863026 0.9993725 0.02085403 1.260946	-0.2777446 -0.02799448 0.960247 0.4365928	0 0 0 1	
-0.9602337 -0.02171985 -0.2783512 0.1364134	-0.02865226 0.9993718 0.02086094 1.260958	-0.2777232 -0.02800677 0.9602528 0.4365655	0 0 0 1	
-0.9602375 -0.02171486 -0.2783386 0.1364378	-0.02865034 0.9993715 0.02087357 1.260967	-0.2777105 -0.02801808 0.9602561 0.4365404	0 0 0 1	
-0.9602487 -0.02171007 -0.2783008 0.1364745	-0.02864831 0.9993713 0.02088776 1.260979	-0.2776723 -0.02803029 0.9602671 0.4365097	0 0 0 1	
-0.9602458 -0.02170363 -0.2783113 0.1364892	-0.02864079 0.9993716 0.02088382 1.260983	-0.2776831 -0.02802465 0.960264 0.4365094	0 0 0 1	
-0.9602501 -0.02169453 -0.2782972 0.1365202	-0.0286337 0.9993716 0.02089354 1.260992	-0.277669 -0.0280317 0.9602679 0.4364858	0 0 0 1	
-0.9602545 -0.02169248 -0.278282 0.1365438	-0.02862653 0.9993721 0.0208777 1.260991	-0.2776543 -0.02801415 0.9602726 0.4364945	0 0 0 1	
-0.9602555 -0.02170398 -0.2782777 0.1365436	-0.02863825 0.9993718 0.02087732 1.261002	-0.2776498 -0.02801694 0.9602739 0.4364768	0 0 0 1	
-0.9602593 -0.02169853 -0.2782652 0.1365695	-0.02863215 0.999372 0.02087713 1.26101	-0.2776374 -0.02801478 0.9602776 0.4364626	0 0 0 1	
-0.9602683 -0.02168779 -0.278235 0.1366112	-0.02862674 0.9993716 0.02090023 1.261028	-0.2776069 -0.02803478 0.9602858 0.4364135	0 0 0 1	
-0.960273 -0.02167742 -0.2782203 0.136645	-0.02861396 0.9993721 0.02089494 1.261033	-0.2775926 -0.02802582 0.9602903 0.4364034	0 0 0 1	
-0.9602767 -0.02166844 -0.2782067 0.1366766	-0.02860903 0.9993719 0.02091164 1.261049	-0.2775789 -0.02804019 0.9602935 0.4363621	0 0 0 1	
-0.9602337 -0.02179413 -0.2783458 0.1361919	-0.02874466 0.999368 0.02091365 1.260897	-0.2777141 -0.02808295 0.9602532 0.4364778	0 0 0 1	
-0.960242 -0.02180663 -0.2783166 0.1361895	-0.02875539 0.9993678 0.02090888 1.260901	-0.2776847 -0.02808068 0.9602621 0.4364602	0 0 0 1	
-0.9602512 -0.02180438 -0.2782855 0.1362069	-0.02875775 0.9993673 0.02092842 1.260914	-0.2776531 -0.0280994 0.9602708 0.4364128	0 0 0 1	
-0.9602574 -0.02179604 -0.2782641 0.1362261	-0.0287546 0.9993669 0.02094979 1.260927	-0.2776314 -0.02811857 0.9602762 0.4363651	0 0 0 1	
-0.9602643 -0.02179319 -0.2782412 0.136238	-0.02874138 0.999368 0.02091675 1.260916	-0.2776095 -0.02808263 0.9602839 0.4363905	0 0 0 1	
-0.9602687 -0.02178718 -0.2782256 0.1362499	-0.02873126 0.9993685 0.020905 1.260914	-0.2775945 -0.02806819 0.9602884 0.4363887	0 0 0 1	
-0.9602178 -0.02171404 -0.2784068 0.136204	-0.02862309 0.9993744 0.02077517 1.260799	-0.2777815 -0.02791755 0.9602386 0.436774	0 0 0 1	
-0.9602258 -0.02171291 -0.2783794 0.1362198	-0.02862433 0.9993741 0.02078637 1.260809	-0.2777539 -0.02792803 0.9602463 0.4367524	0 0 0 1	
-0.9602275 -0.02170656 -0.2783745 0.1362317	-0.02861445 0.9993746 0.0207756 1.260808	-0.2777494 -0.02791483 0.9602481 0.4367682	0 0 0 1	
-0.9602318 -0.02168622 -0.2783613 0.1362687	-0.02859072 0.9993754 0.02076813 1.260805	-0.2777371 -0.02790076 0.960252 0.4367852	0 0 0 1	
-0.9602373 -0.02168136 -0.2783425 0.1362908	-0.02858403 0.9993757 0.02076443 1.260809	-0.2777185 -0.02789493 0.9602575 0.4367894	0 0 0 1	
-0.9602389 -0.02168493 -0.2783368 0.1362948	-0.02858746 0.9993756 0.02076402 1.260819	-0.2777128 -0.02789536 0.9602592 0.4367858	0 0 0 1	
-0.9602381 -0.02168291 -0.2783401 0.1363022	-0.02858483 0.9993757 0.02076191 1.260828	-0.2777161 -0.02789267 0.9602585 0.4367881	0 0 0 1	
-0.960242 -0.02169584 -0.278325 0.1363	-0.02860214 0.9993749 0.02077678 1.260848	-0.2777003 -0.02791143 0.9602624 0.4367585	0 0 0 1	
-0.960243 -0.02169913 -0.2783212 0.1363063	-0.02859887 0.9993755 0.02075404 1.260848	-0.277697 -0.02788858 0.9602638 0.4367871	0 0 0 1	
-0.9602475 -0.02168841 -0.278306 0.1363378	-0.02858641 0.9993759 0.02075111 1.260854	-0.2776822 -0.02788197 0.9602683 0.4367907	0 0 0 1	
-0.9602585 -0.0216908 -0.2782685 0.1363647	-0.02858649 0.999376 0.02074669 1.260865	-0.2776448 -0.02787691 0.9602793 0.4367867	0 0 0 1	
-0.9602556 -0.02169462 -0.2782786 0.1363661	-0.02859193 0.9993758 0.02075069 1.260883	-0.2776548 -0.02788248 0.9602765 0.4367775	0 0 0 1	
-0.9602101 -0.02170627 -0.2784343 0.1362217	-0.02863538 0.9993726 0.0208427 1.260894	-0.2778072 -0.02798644 0.9602293 0.4367377	0 0 0 1	
-0.9602097 -0.02171096 -0.2784352 0.1362251	-0.02863534 0.999373 0.02082561 1.260896	-0.2778084 -0.02797004 0.9602293 0.4367572	0 0 0 1	
-0.9602087 -0.02170365 -0.2784395 0.1362443	-0.02862407 0.9993736 0.02081249 1.260897	-0.2778133 -0.02795441 0.9602283 0.4367767	0 0 0 1	
-0.9602123 -0.02171673 -0.2784254 0.1362476	-0.0286412 0.9993728 0.02082613 1.260915	-0.2777984 -0.02797194 0.960232 0.436749	0 0 0 1	
-0.9602158 -0.02170523 -0.2784147 0.1362847	-0.02863418 0.9993726 0.02084436 1.260929	-0.2777876 -0.02798725 0.9602349 0.436726	0 0 0 1	
-0.9602234 -0.02171845 -0.2783874 0.1362982	-0.02865585 0.9993713 0.02087457 1.260957	-0.2777591 -0.02802168 0.9602422 0.436673	0 0 0 1	
-0.9602101 -0.02168284 -0.2784356 0.136213	-0.02864717 0.9993696 0.0209676 1.260933	-0.2778055 -0.02810969 0.9602261 0.4365969	0 0 0 1	
-0.9602175 -0.02169698 -0.2784096 0.1362162	-0.02866097 0.9993693 0.0209672 1.26094	-0.277779 -0.02811256 0.9602337 0.4365836	0 0 0 1	
-0.9602166 -0.0216918 -0.2784134 0.1362291	-0.02865455 0.9993695 0.02096321 1.260942	-0.2777831 -0.02810703 0.9602327 0.4365874	0 0 0 1	
-0.9602208 -0.02169236 -0.2783981 0.1362439	-0.02865404 0.9993696 0.02096106 1.260946	-0.2777679 -0.02810447 0.960237 0.4365839	0 0 0 1	
-0.9602208 -0.02167856 -0.2783999 0.1362706	-0.02864231 0.9993697 0.02096998 1.260952	-0.2777698 -0.02810983 0.9602365 0.4365727	0 0 0 1	
-0.9602208 -0.02168088 -0.2783996 0.136277	-0.02864463 0.9993697 0.02096966 1.260958	-0.2777695 -0.02811015 0.9602365 0.4365673	0 0 0 1	
-0.9602348 -0.02178659 -0.2783434 0.1361707	-0.02872217 0.9993697 0.02086331 1.260923	-0.2777134 -0.0280283 0.9602553 0.4366614	0 0 0 1	
-0.9602432 -0.02178623 -0.2783144 0.1361901	-0.02871802 0.99937 0.02085332 1.260919	-0.2776847 -0.02801689 0.9602638 0.4366657	0 0 0 1	
-0.9602439 -0.0217871 -0.2783107 0.1361963	-0.02871948 0.9993699 0.0208556 1.260922	-0.277681 -0.0280194 0.9602647 0.4366548	0 0 0 1	
-0.9602489 -0.02179183 -0.2782933 0.1362054	-0.02872174 0.99937 0.0208482 1.260923	-0.2776637 -0.02801253 0.9602698 0.4366536	0 0 0 1	
-0.9602524 -0.0217902 -0.2782817 0.136219	-0.0287188 0.9993702 0.02084511 1.260924	-0.2776522 -0.02800848 0.9602734 0.4366481	0 0 0 1	
-0.9602567 -0.0217833 -0.2782676 0.13624	-0.02871187 0.9993703 0.0208475 1.260927	-0.2776383 -0.02800853 0.9602774 0.4366367	0 0 0 1	
-0.9602249 -0.02182986 -0.278373 0.1359774	-0.0287689 0.9993683 0.02086603 1.260919	-0.2777417 -0.02804457 0.9602463 0.4365674	0 0 0 1	
-0.9602292 -0.02180535 -0.2783601 0.1360174	-0.02874034 0.9993693 0.02085685 1.260907	-0.2777297 -0.02802752 0.9602503 0.4365818	0 0 0 1	
-0.9602349 -0.02179852 -0.2783417 0.1360378	-0.02873337 0.9993694 0.02085931 1.260905	-0.2777115 -0.02802753 0.9602557 0.4365721	0 0 0 1	
-0.9602354 -0.02178949 -0.27834 0.1360549	-0.0287216 0.99937 0.02085125 1.260898	-0.2777103 -0.02801647 0.9602562 0.436578	0 0 0 1	
-0.9602385 -0.02177868 -0.2783306 0.1360796	-0.02871394 0.9993699 0.02086465 1.260901	-0.2777008 -0.02802701 0.9602587 0.4365532	0 0 0 1	
-0.9602455 -0.02178067 -0.2783061 0.1360945	-0.02871666 0.9993697 0.02086947 1.260904	-0.2776762 -0.02803183 0.9602656 0.4365316	0 0 0 1	
-0.9601922 -0.02179276 -0.2784887 0.1359114	-0.02869468 0.9993732 0.02073084 1.260809	-0.2778624 -0.02789674 0.9602157 0.4368579	0 0 0 1	
-0.9601952 -0.02181357 -0.2784776 0.1358941	-0.02871554 0.9993727 0.02072926 1.260816	-0.2778507 -0.02790077 0.9602191 0.4368508	0 0 0 1	
-0.9601963 -0.02181769 -0.278473 0.1358948	-0.02871375 0.9993731 0.02070873 1.26081	-0.2778466 -0.02788045 0.9602208 0.4368799	0 0 0 1	
-0.9601967 -0.02181085 -0.2784728 0.1359091	-0.02871134 0.9993728 0.02072502 1.260818	-0.2778461 -0.02789542 0.9602207 0.436863	0 0 0 1	
-0.9601917 -0.02179494 -0.2784904 0.1359281	-0.02870405 0.9993725 0.02075521 1.26083	-0.2778633 -0.02792278 0.9602147 0.4368324	0 0 0 1	
-0.9601928 -0.02177427 -0.2784894 0.1359641	-0.0286854 0.9993728 0.02076522 1.26083	-0.2778625 -0.02792718 0.9602152 0.4368291	0 0 0 1	
-0.9602022 -0.02174805 -0.278458 0.1360237	-0.02866077 0.9993732 0.02077769 1.26083	-0.2778316 -0.02793161 0.9602237 0.4368221	0 0 0 1	
-0.9602066 -0.02173353 -0.2784441 0.1360604	-0.02864522 0.9993737 0.02077764 1.260826	-0.2778181 -0.02792692 0.9602278 0.4368311	0 0 0 1	
-0.9602101 -0.02171979 -0.2784337 0.1360938	-0.02862884 0.9993743 0.02077154 1.260821	-0.2778083 -0.02791627 0.9602309 0.4368505	0 0 0 1	
-0.9602104 -0.02171571 -0.2784327 0.1361103	-0.02862133 0.9993747 0.02076038 1.260816	-0.2778077 -0.02790344 0.9602315 0.4368763	0 0 0 1	
-0.960209 -0.02172121 -0.278437 0.1361127	-0.02863205 0.999374 0.02077716 1.260825	-0.2778114 -0.02792264 0.9602299 0.4368604	0 0 0 1	
-0.96018 -0.02181358 -0.27853 0.1358744	-0.02873151 0.9993712 0.02077892 1.260853	-0.2779016 -0.02795409 0.9602031 0.4368409	0 0 0 1	
-0.9601803 -0.02179198 -0.2785299 0.1359081	-0.02870686 0.999372 0.02077141 1.260846	-0.2779023 -0.02794002 0.9602029 0.4368626	0 0 0 1	
-0.9601786 -0.02177991 -0.2785365 0.1359261	-0.02870039 0.9993718 0.0207918 1.260853	-0.2779087 -0.02795795 0.9602005 0.4368415	0 0 0 1	
-0.9601836 -0.02179075 -0.2785187 0.1359264	-0.02871044 0.9993715 0.02078939 1.260855	-0.2778907 -0.02795803 0.9602058 0.4368392	0 0 0 1	
-0.9601827 -0.02179363 -0.278522 0.1359281	-0.0287168 0.9993711 0.02080067 1.26086	-0.2778935 -0.0279707 0.9602047 0.436823	0 0 0 1	
-0.960182 -0.02180109 -0.2785237 0.1359261	-0.02873245 0.9993701 0.02082773 1.260873	-0.2778943 -0.02800107 0.9602036 0.4367822	0 0 0 1	
-0.9601636 -0.02185846 -0.2785828 0.1357751	-0.02879028 0.9993687 0.02081506 1.260872	-0.2779519 -0.02800634 0.9601867 0.4368015	0 0 0 1	
-0.9601649 -0.02185767 -0.2785784 0.1357794	-0.02879108 0.9993685 0.02082111 1.260874	-0.2779475 -0.02801226 0.9601879 0.4367916	0 0 0 1	
-0.9601731 -0.02184539 -0.2785504 0.1358109	-0.0287781 0.9993689 0.02082333 1.26087	-0.2779197 -0.02801015 0.9601958 0.4367867	0 0 0 1	
-0.9601762 -0.02183824 -0.2785407 0.135827	-0.02877375 0.9993688 0.02083505 1.260871	-0.2779099 -0.02801998 0.9601985 0.436769	0 0 0 1	
-0.9601839 -0.02184178 -0.2785144 0.1358382	-0.02877492 0.9993689 0.02082914 1.260867	-0.2778836 -0.02801403 0.9602064 0.4367691	0 0 0 1	
-0.960181 -0.02185417 -0.2785233 0.1358207	-0.02878788 0.9993685 0.02082841 1.260868	-0.2778922 -0.02801713 0.9602038 0.4367628	0 0 0 1	
-0.960188 -0.02185327 -0.2784989 0.1358378	-0.02879347 0.9993678 0.02085354 1.260877	-0.2778671 -0.02804227 0.9602103 0.4367231	0 0 0 1	
-0.9601928 -0.02185318 -0.2784823 0.1358515	-0.02879363 0.9993678 0.02085618 1.260877	-0.2778505 -0.02804447 0.960215 0.4367152	0 0 0 1	
-0.9601935 -0.02185654 -0.2784798 0.1358532	-0.0287949 0.9993679 0.02084872 1.260874	-0.2778481 -0.0280376 0.9602159 0.4367219	0 0 0 1	
-0.9601963 -0.02185864 -0.2784702 0.1358612	-0.02879743 0.9993678 0.02085093 1.260875	-0.2778384 -0.0280402 0.9602187 0.4367143	0 0 0 1	
-0.9602027 -0.02186633 -0.2784475 0.1358679	-0.02880827 0.9993672 0.0208631 1.260884	-0.2778151 -0.02805439 0.960225 0.4366891	0 0 0 1	
-0.9602026 -0.02188439 -0.2784458 0.1358503	-0.02882018 0.9993674 0.02083949 1.260881	-0.2778136 -0.02803499 0.9602258 0.4367118	0 0 0 1	
-0.9602058 -0.02188773 -0.2784351 0.1358575	-0.02881919 0.9993677 0.02082515 1.260876	-0.2778033 -0.0280207 0.9602294 0.4367241	0 0 0 1	
-0.9601829 -0.02191844 -0.2785111 0.1357556	-0.02882736 0.9993693 0.02073498 1.260885	-0.277881 -0.02793811 0.9602091 0.4368282	0 0 0 1	
-0.9601872 -0.02192898 -0.2784959 0.1357525	-0.02883989 0.9993688 0.02074197 1.260894	-0.2778653 -0.02794796 0.9602135 0.4368055	0 0 0 1	
-0.9601955 -0.02193456 -0.2784666 0.1357642	-0.02884132 0.999369 0.02072992 1.260895	-0.2778362 -0.02793612 0.9602224 0.4368076	0 0 0 1	
-0.9601934 -0.02194021 -0.2784732 0.1357582	-0.02884714 0.9993689 0.020729 1.260902	-0.2778427 -0.02793701 0.9602203 0.4367986	0 0 0 1	
-0.9601961 -0.0219264 -0.2784649 0.1357872	-0.02883108 0.9993694 0.02072405 1.260902	-0.2778348 -0.02792759 0.9602228 0.4367993	0 0 0 1	
-0.9601943 -0.02192072 -0.2784714 0.1357979	-0.02882523 0.9993696 0.02072357 1.260907	-0.2778415 -0.02792565 0.9602209 0.4367934	0 0 0 1	
-0.9601709 -0.02194288 -0.2785505 0.1357096	-0.02886945 0.999367 0.02078838 1.260918	-0.2779181 -0.028002 0.9601966 0.4367386	0 0 0 1	
-0.9601749 -0.02194883 -0.2785369 0.1357144	-0.02887505 0.9993669 0.02078777 1.260925	-0.2779042 -0.02800266 0.9602008 0.4367248	0 0 0 1	
-0.9601818 -0.02197151 -0.2785107 0.1357048	-0.02889842 0.9993661 0.02078969 1.260941	-0.2778774 -0.0280104 0.9602082 0.4366953	0 0 0 1	
-0.9601823 -0.02197707 -0.2785082 0.1357069	-0.02890663 0.9993657 0.02079832 1.260955	-0.2778745 -0.02802091 0.9602087 0.4366663	0 0 0 1	
-0.9601859 -0.02197507 -0.2784971 0.1357232	-0.02890638 0.9993656 0.02080583 1.260965	-0.2778632 -0.0280278 0.9602119 0.4366403	0 0 0 1	
-0.9601865 -0.02196161 -0.2784953 0.1357489	-0.02889458 0.9993657 0.02081363 1.260972	-0.2778616 -0.02803197 0.960212 0.43662	0 0 0 1	
-0.9601862 -0.02194512 -0.2784973 0.1357783	-0.02888119 0.9993659 0.02082648 1.26098	-0.2778637 -0.02804063 0.9602112 0.4365937	0 0 0 1	
-0.9601856 -0.02193533 -0.2785007 0.1357995	-0.02887488 0.9993658 0.02083952 1.260989	-0.277867 -0.02805148 0.9602101 0.4365661	0 0 0 1	
-0.9601896 -0.02190149 -0.2784897 0.1358587	-0.02883975 0.9993668 0.020841 1.260987	-0.2778569 -0.02804288 0.9602132 0.4365629	0 0 0 1	
-0.9601958 -0.02190681 -0.2784681 0.1358705	-0.02885062 0.999366 0.02086168 1.261004	-0.2778346 -0.02806527 0.960219 0.4365166	0 0 0 1	
-0.9601982 -0.02191446 -0.2784584 0.1358721	-0.0288614 0.9993654 0.02087245 1.261019	-0.2778243 -0.02807839 0.9602214 0.4364834	0 0 0 1	
-0.9601989 -0.02191368 -0.2784567 0.1358812	-0.0288599 0.9993656 0.02087026 1.261028	-0.2778227 -0.02807583 0.960222 0.4364721	0 0 0 1	
-0.960181 -0.02201775 -0.2785102 0.1357217	-0.02893478 0.9993659 0.0207491 1.26095	-0.2778768 -0.02798152 0.9602093 0.4366372	0 0 0 1	
-0.9601791 -0.02200808 -0.2785178 0.1357326	-0.02892837 0.9993659 0.02076091 1.260959	-0.2778843 -0.02799125 0.9602069 0.4366215	0 0 0 1	
-0.9601837 -0.02201355 -0.2785009 0.1357359	-0.02893442 0.9993656 0.02076394 1.26097	-0.2778671 -0.02799546 0.9602115 0.436608	0 0 0 1	
-0.9601903 -0.02201214 -0.2784782 0.1357509	-0.02892904 0.999366 0.02075279 1.260973	-0.2778449 -0.02798273 0.9602183 0.4366141	0 0 0 1	
-0.9601914 -0.02201615 -0.2784738 0.1357494	-0.02893192 0.999366 0.02074877 1.26098	-0.2778404 -0.02797958 0.9602196 0.4366086	0 0 0 1	
-0.9601417 -0.02198596 -0.2786478 0.1355902	-0.02892246 0.9993651 0.02080639 1.260922	-0.2780134 -0.02803626 0.9601679 0.4366177	0 0 0 1	
-0.9601394 -0.0219838 -0.2786562 0.1355902	-0.02892458 0.9993647 0.02082061 1.260927	-0.2780215 -0.0280507 0.9601653 0.4365912	0 0 0 1	
-0.9601406 -0.02194975 -0.2786552 0.1356365	-0.02888746 0.9993659 0.02081492 1.260914	-0.2780216 -0.02803489 0.9601657 0.4366036	0 0 0 1	
-0.9601457 -0.02193891 -0.2786375 0.1356602	-0.02888228 0.9993656 0.02083784 1.260922	-0.2780035 -0.02805505 0.9601703 0.4365641	0 0 0 1	
-0.9601486 -0.02192196 -0.2786289 0.1356861	-0.02886477 0.999366 0.02083922 1.26092	-0.2779955 -0.02805131 0.9601727 0.4365588	0 0 0 1	
-0.9601456 -0.02190558 -0.2786413 0.1357009	-0.02884431 0.9993669 0.02082612 1.260909	-0.2780088 -0.02803332 0.9601696 0.4365777	0 0 0 1	
-0.9601479 -0.02189255 -0.2786339 0.135722	-0.02882974 0.9993674 0.02082341 1.260905	-0.2780018 -0.02802649 0.9601716 0.4365772	0 0 0 1	
-0.9601521 -0.0219314 -0.2786161 0.1356268	-0.02884161 0.9993691 0.02072664 1.260861	-0.2779858 -0.02793646 0.9601789 0.4367682	0 0 0 1	
-0.9601562 -0.02193953 -0.2786025 0.1356205	-0.02884735 0.9993691 0.02071866 1.260864	-0.2779722 -0.02793009 0.9601833 0.4367775	0 0 0 1	
-0.9601586 -0.02193749 -0.2785933 0.1356245	-0.02883792 0.9993699 0.02069439 1.260857	-0.2779638 -0.02790395 0.9601862 0.4368162	0 0 0 1	
-0.9601634 -0.0219227 -0.2785783 0.1356475	-0.02882515 0.99937 0.02070499 1.260862	-0.2779488 -0.02791023 0.9601904 0.4368093	0 0 0 1	
-0.9601707 -0.02191343 -0.2785532 0.1356681	-0.0288115 0.9993706 0.02069378 1.260861	-0.2779244 -0.02789509 0.9601978 0.4368271	0 0 0 1	
-0.9601712 -0.02189753 -0.2785528 0.1356858	-0.02879286 0.9993713 0.02068662 1.260862	-0.2779247 -0.02788303 0.9601982 0.4368436	0 0 0 1	
-0.960179 -0.02187395 -0.2785279 0.1357271	-0.02878194 0.9993706 0.0207363 1.260849	-0.277899 -0.02792713 0.9602042 0.4367486	0 0 0 1	
-0.960184 -0.021868 -0.2785117 0.1357416	-0.02878103 0.9993702 0.02075623 1.26086	-0.2778824 -0.02794565 0.9602087 0.4367208	0 0 0 1	
-0.9601846 -0.02185448 -0.2785102 0.1357589	-0.02876918 0.9993704 0.02076405 1.260863	-0.277881 -0.02794983 0.9602088 0.4367154	0 0 0 1	
-0.9601789 -0.02183773 -0.2785319 0.1357699	-0.02876046 0.99937 0.02079189 1.260874	-0.2779025 -0.02797464 0.9602021 0.436687	0 0 0 1	
-0.9601835 -0.02180817 -0.2785183 0.135815	-0.02873463 0.9993705 0.0208104 1.260877	-0.2778891 -0.02798492 0.9602056 0.4366724	0 0 0 1	
-0.9601865 -0.02180668 -0.2785082 0.1358206	-0.02873154 0.9993706 0.02080609 1.260876	-0.2778792 -0.02797969 0.9602087 0.4366778	0 0 0 1	
-0.9601843 -0.02179933 -0.2785156 0.1358255	-0.02872268 0.9993709 0.02080114 1.260873	-0.277887 -0.02797264 0.9602065 0.4366884	0 0 0 1	
-0.9601964 -0.02179101 -0.278475 0.1358548	-0.02871265 0.9993713 0.02080067 1.260869	-0.2778467 -0.02796848 0.9602183 0.4366867	0 0 0 1	
-0.9602048 -0.02178023 -0.2784469 0.1358817	-0.0286981 0.9993718 0.02079211 1.260862	-0.2778191 -0.02795558 0.9602268 0.4366986	0 0 0 1	
-0.9602022 -0.02177687 -0.2784556 0.1358799	-0.02868986 0.9993725 0.02077482 1.260854	-0.2778285 -0.02793688 0.9602244 0.4367261	0 0 0 1	
-0.960206 -0.02175776 -0.2784442 0.1359077	-0.02867659 0.9993724 0.02079887 1.260864	-0.2778169 -0.02795603 0.9602274 0.436702	0 0 0 1	
-0.9602057 -0.02175912 -0.278445 0.1359027	-0.02868679 0.9993714 0.02082916 1.260884	-0.2778167 -0.02798797 0.9602263 0.4366647	0 0 0 1	
-0.9602118 -0.0217496 -0.2784255 0.1359212	-0.02868017 0.9993713 0.02084257 1.260892	-0.2777971 -0.02799856 0.9602318 0.4366522	0 0 0 1	
-0.9602184 -0.02173351 -0.2784031 0.1359487	-0.02866623 0.9993715 0.0208546 1.260899	-0.2777749 -0.02800574 0.960238 0.4366446	0 0 0 1	
-0.960219 -0.02172678 -0.2784016 0.1359537	-0.02865674 0.9993719 0.02084621 1.260897	-0.2777738 -0.02799501 0.9602385 0.4366669	0 0 0 1	
-0.9602212 -0.02173814 -0.2783938 0.1359382	-0.02866859 0.9993715 0.02084708 1.260904	-0.2777657 -0.02799896 0.960241 0.4366688	0 0 0 1	
-0.9602312 -0.02172968 -0.2783595 0.1359611	-0.02866095 0.9993716 0.02085472 1.26091	-0.2777314 -0.02800339 0.9602506 0.4366658	0 0 0 1	
-0.9602298 -0.02172023 -0.2783661 0.1359665	-0.02865878 0.9993711 0.02088054 1.260924	-0.2777375 -0.02802774 0.9602484 0.4366433	0 0 0 1	
-0.9602307 -0.02174371 -0.2783607 0.1359358	-0.02867704 0.9993711 0.02085974 1.260926	-0.277732 -0.02801271 0.9602503 0.4366696	0 0 0 1	
-0.9602332 -0.02174535 -0.278351 0.135937	-0.02867775 0.9993711 0.02085732 1.260929	-0.2777224 -0.02801037 0.960253 0.4366786	0 0 0 1	
-0.9602331 -0.02175857 -0.2783511 0.1359183	-0.02869232 0.9993706 0.02086013 1.260939	-0.277722 -0.02801712 0.960253 0.436678	0 0 0 1	
-0.9602373 -0.02175992 -0.278336 0.1359213	-0.02869565 0.9993703 0.02086839 1.260947	-0.2777066 -0.02802564 0.9602571 0.4366731	0 0 0 1	
-0.9602418 -0.02176365 -0.2783203 0.1359234	-0.02869662 0.9993705 0.02085994 1.260946	-0.2776911 -0.02801743 0.9602618 0.4366899	0 0 0 1	
-0.9602445 -0.02175629 -0.2783116 0.1359381	-0.02869243 0.9993703 0.02087283 1.260951	-0.2776822 -0.02802845 0.9602641 0.4366816	0 0 0 1	
-0.9602451 -0.02175928 -0.2783096 0.1359358	-0.02869639 0.9993702 0.02087596 1.260953	-0.2776801 -0.02803251 0.9602647 0.4366835	0 0 0 1	
-0.9602449 -0.0217497 -0.2783104 0.1359507	-0.02868513 0.9993706 0.02087145 1.26095	-0.2776813 -0.02802507 0.9602644 0.4367017	0 0 0 1	
-0.9602445 -0.02175324 -0.2783119 0.1359505	-0.02869547 0.9993698 0.02089432 1.260965	-0.277682 -0.02804995 0.9602636 0.4366771	0 0 0 1	
-0.960247 -0.02174458 -0.2783033 0.1359716	-0.02868795 0.9993699 0.02090037 1.26097	-0.2776735 -0.02805347 0.9602659 0.4366798	0 0 0 1	
-0.9602438 -0.02172316 -0.2783169 0.1359984	-0.02866993 0.9993701 0.0209137 1.260975	-0.2776873 -0.02806157 0.9602617 0.4366795	0 0 0 1	
-0.9602431 -0.02172746 -0.2783186 0.1359972	-0.02867258 0.9993702 0.02090722 1.260977	-0.277689 -0.02805612 0.9602613 0.436693	0 0 0 1	
-0.9602424 -0.02169758 -0.2783233 0.1360409	-0.02864215 0.9993711 0.02090904 1.260976	-0.2776946 -0.02804952 0.9602599 0.4367087	0 0 0 1	
-0.9602412 -0.021694 -0.2783287 0.1360512	-0.02864107 0.9993709 0.02091764 1.260987	-0.2776998 -0.02805761 0.9602584 0.4367037	0 0 0 1	
-0.9602426 -0.02169989 -0.2783222 0.136055	-0.0286468 0.9993707 0.02091691 1.260997	-0.2776932 -0.02805835 0.9602599 0.436706	0 0 0 1	
-0.9602447 -0.02167906 -0.2783166 0.1360933	-0.02862819 0.9993711 0.02092814 1.261005	-0.2776878 -0.02806384 0.9602613 0.4367014	0 0 0 1	
-0.9602453 -0.02167044 -0.2783156 0.1361125	-0.02862056 0.9993712 0.02093288 1.261014	-0.277687 -0.02806625 0.9602616 0.4367012	0 0 0 1	
-0.9602451 -0.02167658 -0.2783157 0.1361107	-0.02862603 0.9993711 0.02092967 1.261024	-0.277687 -0.02806469 0.9602618 0.4367068	0 0 0 1	
-0.9601815 -0.02177843 -0.2785276 0.1358729	-0.02873427 0.9993683 0.02091513 1.261038	-0.2778962 -0.0280856 0.9602007 0.4369178	0 0 0 1	
-0.9601831 -0.02177865 -0.2785214 0.135882	-0.02873636 0.9993681 0.0209222 1.261047	-0.2778898 -0.02809284 0.9602021 0.4369078	0 0 0 1	
-0.9601909 -0.02176566 -0.2784957 0.1359189	-0.0287217 0.9993685 0.02092098 1.261049	-0.2778645 -0.02808701 0.9602096 0.4369104	0 0 0 1	
-0.9601951 -0.02176004 -0.2784821 0.1359414	-0.02871811 0.9993684 0.02093019 1.261057	-0.2778508 -0.02809454 0.9602135 0.4368964	0 0 0 1	
-0.9601984 -0.0217539 -0.2784703 0.1359644	-0.02871504 0.9993682 0.02094293 1.261066	-0.2778388 -0.02810565 0.9602165 0.4368778	0 0 0 1	
-0.9601988 -0.0217424 -0.2784701 0.1359909	-0.02871265 0.9993676 0.02097605 1.261083	-0.2778379 -0.02813679 0.9602158 0.4368334	0 0 0 1	
-0.9601406 -0.02181768 -0.2786654 0.1356879	-0.02878919 0.9993659 0.02094921 1.260972	-0.2780316 -0.02813673 0.96016 0.4367594	0 0 0 1	
-0.9601419 -0.02180862 -0.278661 0.1357079	-0.02878441 0.9993657 0.02096572 1.260974	-0.2780271 -0.02815116 0.9601607 0.436729	0 0 0 1	
-0.9601448 -0.0217952 -0.2786526 0.1357376	-0.02877246 0.9993659 0.02097359 1.260969	-0.2780187 -0.02815521 0.960163 0.4367107	0 0 0 1	
-0.9601458 -0.02178307 -0.2786497 0.1357653	-0.02875689 0.9993666 0.02096372 1.260956	-0.2780165 -0.02814132 0.9601641 0.4367158	0 0 0 1	
-0.9601452 -0.0217858 -0.2786519 0.1357708	-0.02876339 0.9993661 0.02097611 1.260959	-0.2780183 -0.02815508 0.9601632 0.4366836	0 0 0 1	
-0.9601183 -0.02177716 -0.2787448 0.135683	-0.02874396 0.9993677 0.02093028 1.260989	-0.2781128 -0.02810777 0.9601371 0.4367773	0 0 0 1	
