0 1 0 0	0 0 -1 0	1 0 0 0	0 0 0 1	
-1.192093E-07 1 0 0	-1 -1.192093E-07 0 0	0 0 -1 0	0 0 0 1	
0.7398492 -0.0982887 -0.6655543 0	0.1514873 0.988204 0.02246014 0	-0.6554959 0.1174401 -0.7460114 0	0 0 0 1	
0.775867 -0.09901176 -0.6230788 0	0.1551387 0.9872254 0.03630375 0	-0.6115246 0.1248305 -0.7813162 0	0 0 0 1	
0.7852467 -0.09888086 -0.6112367 0	0.1597237 0.9861047 0.04567073 0	-0.5982274 0.1334918 -0.7901291 0	0 0 0 1	
0.7909039 -0.09835742 -0.6039841 0	0.1618937 0.9854626 0.0515159 0	-0.5901367 0.1385253 -0.7953297 0	0 0 0 1	
0.7959841 -0.09764761 -0.5973895 0	0.1633601 0.9849374 0.05667207 0	-0.5828574 0.1426997 -0.7999463 0	0 0 0 1	
0.8021656 -0.09637095 -0.5892733 0	0.1646933 0.9843169 0.06321646 0	-0.5739394 0.1477594 -0.8054569 0	0 0 0 1	
0.8057473 -0.09517331 -0.5845625 0	0.1653005 0.9839201 0.06765309 0	-0.568724 0.1511398 -0.8085232 0	0 0 0 1	
0.8088622 -0.09338566 -0.5805352 0	0.1658337 0.9834588 0.07285637 0	-0.5641286 0.1552031 -0.8109691 0	0 0 0 1	
0.8106787 -0.09178528 -0.5782521 0	0.1659094 0.9831662 0.07653931 0	-0.5614927 0.1579862 -0.81226 0	0 0 0 1	
0.8126537 -0.09001246 -0.5757532 0	0.165558 0.9829494 0.08000579 0	-0.5587347 0.1603375 -0.8136998 0	0 0 0 1	
0.8146793 -0.08807315 -0.5731848 0	0.1713107 0.9808391 0.09277584 0	-0.554031 0.1737752 -0.8141571 0	0 0 0 1	
0.8154546 -0.08705847 -0.5722365 0	0.1744986 0.9796039 0.09963167 0	-0.5518913 0.1810996 -0.8140141 0	0 0 0 1	
0.8152816 -0.08541796 -0.57273 0	0.1752341 0.9790794 0.1034244 0	-0.5519138 0.1846818 -0.8131936 0	0 0 0 1	
0.8155339 -0.08196057 -0.5728761 0	0.1753716 0.9783736 0.1096806 0	-0.5514973 0.1899144 -0.8122704 0	0 0 0 1	
0.8146499 -0.08020119 -0.5743808 0	0.1768034 0.9775915 0.1142602 0	-0.552346 0.1946345 -0.8105747 0	0 0 0 1	
0.8137616 -0.07862234 -0.5758564 0	0.1766641 0.9773873 0.116206 0	-0.5536984 0.1962972 -0.80925 0	0 0 0 1	
0.8155354 -0.07711779 -0.5735458 0	0.177077 0.9767985 0.1204507 0	-0.5509498 0.1997936 -0.8102696 0	0 0 0 1	
0.8156715 -0.07449418 -0.5736991 0	0.1763048 0.9765109 0.1238671 0	-0.5509961 0.2021808 -0.8096458 0	0 0 0 1	
0.8154677 -0.0727369 -0.5742141 0	0.1755483 0.9764235 0.1256185 0	-0.5515391 0.2032401 -0.8090106 0	0 0 0 1	
0.8153756 -0.06984636 -0.5747036 0	0.1744588 0.9761941 0.1288766 0	-0.5520207 0.2053449 -0.8081501 0	0 0 0 1	
0.8157539 -0.06701971 -0.5745032 0	0.1729246 0.9760939 0.1316727 0	-0.5519444 0.2067582 -0.8078418 0	0 0 0 1	
0.8157315 -0.06548284 -0.5747122 0	0.172186 0.9760188 0.1331885 0	-0.5522084 0.2076035 -0.8074446 0	0 0 0 1	
0.8156254 -0.06370617 -0.5750624 0	0.1711786 0.9759935 0.134665 0	-0.5526781 0.2082746 -0.8069502 0	0 0 0 1	
0.8163556 -0.06248594 -0.5741594 0	0.170019 0.9760791 0.1355106 0	-0.5519575 0.2082428 -0.8074514 0	0 0 0 1	
0.8182126 -0.06280521 -0.571475 0	0.1695343 0.9761718 0.1354502 0	-0.5493508 0.2077117 -0.8093637 0	0 0 0 1	
0.8210987 -0.06473662 -0.5671033 0	0.1699237 0.976223 0.1345905 0	-0.5449063 0.2068764 -0.8125757 0	0 0 0 1	
0.8239294 -0.06762838 -0.5626426 0	0.1710027 0.9762427 0.1330729 0	-0.5402762 0.2058561 -0.8159197 0	0 0 0 1	
0.8269832 -0.07220548 -0.5575708 0	0.1731549 0.9762239 0.1304005 0	-0.5348983 0.2043852 -0.8198235 0	0 0 0 1	
0.8325762 -0.08035852 -0.5480505 0	0.1776898 0.9758767 0.1268502 0	-0.5246363 0.2029954 -0.8267707 0	0 0 0 1	
0.8372259 -0.0892931 -0.5395178 0	0.1838693 0.9751051 0.123944 0	-0.5150192 0.2029699 -0.8328016 0	0 0 0 1	
0.8430282 -0.099969 -0.5284976 0	0.1914924 0.9739794 0.1212224 0	-0.5026273 0.2033972 -0.8402354 0	0 0 0 1	
0.849968 -0.1118921 -0.5148151 0	0.1999583 0.9725817 0.1187493 0	-0.4874127 0.2038746 -0.8490371 0	0 0 0 1	
0.8562133 -0.1276763 -0.5005972 0	0.2110724 0.9708706 0.1133963 0	-0.4715371 0.2027536 -0.8582213 0	0 0 0 1	
0.8589732 -0.1388755 -0.4928272 0	0.2193063 0.969545 0.1090284 0	-0.4626768 0.2017325 -0.8632694 0	0 0 0 1	
0.8612828 -0.1493797 -0.4856724 0	0.2275424 0.9680049 0.1057875 0	-0.4543307 0.2016241 -0.8677161 0	0 0 0 1	
0.8645852 -0.1601711 -0.4762748 0	0.2361068 0.9661801 0.1036802 0	-0.4435606 0.202092 -0.8731625 0	0 0 0 1	
0.8655481 -0.1677215 -0.4719067 0	0.2429487 0.9645786 0.1027814 0	-0.4379525 0.2036114 -0.8756369 0	0 0 0 1	
0.8662763 -0.1762006 -0.46746 0	0.251448 0.9623498 0.103232 0	-0.4316705 0.2069693 -0.877966 0	0 0 0 1	
0.8674319 -0.1812262 -0.4633779 0	0.2566274 0.9608314 0.1046206 0	-0.426268 0.2096667 -0.8799633 0	0 0 0 1	
0.8667741 -0.1858522 -0.4627759 0	0.2619961 0.9592892 0.1054623 0	-0.4243356 0.2126574 -0.8801796 0	0 0 0 1	
0.8663268 -0.1894743 -0.4621444 0	0.2661899 0.9580522 0.106203 0	-0.4226357 0.2150247 -0.8804224 0	0 0 0 1	
0.8660761 -0.1930879 -0.4611174 0	0.2709273 0.9564834 0.1083419 0	-0.4201317 0.2187617 -0.8807002 0	0 0 0 1	
0.8653481 -0.1934485 -0.4623314 0	0.2723685 0.9559048 0.1098242 0	-0.4206995 0.2209606 -0.8798797 0	0 0 0 1	
0.8635889 -0.190771 -0.4667125 0	0.2717914 0.9557897 0.1122298 0	-0.4246688 0.2237688 -0.8772593 0	0 0 0 1	
0.8593541 -0.181609 -0.4780467 0	0.2679316 0.9561337 0.1184102 0	-0.4355722 0.2298401 -0.8703163 0	0 0 0 1	
0.8558948 -0.1713734 -0.4879296 0	0.2636593 0.9562683 0.1266283 0	-0.4448909 0.2370276 -0.8636492 0	0 0 0 1	
0.8503856 -0.1596011 -0.50137 0	0.2603853 0.9556744 0.1374259 0	-0.4572131 0.2474143 -0.8542496 0	0 0 0 1	
0.8421422 -0.1426601 -0.5200429 2.074324E-09	0.2585051 0.9531423 0.1571461 8.06447E-09	-0.4732564 0.2667731 -0.8395597 2.245971E-10	0 0 0 1	
0.8371371 -0.129746 -0.5313826 0.0004844967	0.2541881 0.9524722 0.1678843 0.0004408046	-0.4843448 0.2756132 -0.8303297 0.003909867	0 0 0 1	
0.8307312 -0.1153285 -0.5445962 0.001445486	0.2515278 0.9505083 0.1823944 0.0008462932	-0.4966079 0.2885018 -0.8186252 0.008544101	0 0 0 1	
0.823607 -0.1005267 -0.5581809 0.002852117	0.2516228 0.9467735 0.2007633 0.001156924	-0.5082889 0.3058011 -0.805064 0.01385254	0 0 0 1	
0.817041 -0.08656065 -0.5700449 0.004625602	0.2549776 0.9409829 0.2225703 0.001291102	-0.5171368 0.3271978 -0.7908927 0.01974278	0 0 0 1	
0.8222404 -0.08011192 -0.5634739 0.005649244	0.2628753 0.9315684 0.2511509 0.001023425	-0.5047944 0.3546298 -0.7870327 0.02425192	0 0 0 1	
0.8178461 -0.06904414 -0.5712799 0.007627238	0.2691861 0.9233568 0.273772 0.000724517	-0.5085928 0.3776839 -0.7737495 0.03050621	0 0 0 1	
0.8146463 -0.05902016 -0.5769472 0.009885728	0.2741637 0.9158233 0.2934314 0.000328029	-0.5110633 0.3972208 -0.7622532 0.03645498	0 0 0 1	
0.8133451 -0.04953259 -0.5796691 0.01241253	0.2755502 0.9103231 0.308843 3.808178E-06	-0.5123883 0.4109238 -0.7540556 0.04187837	0 0 0 1	
0.8142169 -0.04017723 -0.579169 0.01513847	0.2725986 0.90725 0.3202926 -0.0001161471	-0.5125826 0.4186683 -0.7496505 0.04674481	0 0 0 1	
0.8166789 -0.03048702 -0.5762864 0.01803597	0.2658902 0.9061734 0.3288649 -4.054816E-05	-0.5121893 0.4218059 -0.7481589 0.05113762	0 0 0 1	
0.8325287 -0.01755832 -0.5537035 0.02421109	0.2457066 0.9075134 0.3406578 0.003019842	-0.496512 0.419656 -0.7598451 0.05574385	0 0 0 1	
0.8359633 -0.008055814 -0.5487263 0.02766846	0.2362526 0.9077758 0.3465948 0.003399877	-0.4953283 0.4193785 -0.7607704 0.05947039	0 0 0 1	
0.840075 -0.0004969686 -0.5424702 0.03107449	0.2281507 0.90758 0.3524851 0.003674007	-0.4921599 0.4198788 -0.7625486 0.06324495	0 0 0 1	
0.8453857 0.004289277 -0.5341393 0.03425463	0.2219661 0.9067223 0.3585885 0.003869274	-0.4858541 0.4217064 -0.765578 0.06724562	0 0 0 1	
0.851598 0.006805994 -0.5241513 0.03721477	0.2176586 0.9050514 0.3653858 0.003981325	-0.4768706 0.4252478 -0.7692586 0.07155318	0 0 0 1	
0.8575996 0.008661248 -0.5142451 0.04015601	0.2147681 0.9024813 0.373366 0.003924233	-0.4673304 0.430642 -0.7721074 0.07608293	0 0 0 1	
0.8757019 0.0165163 -0.4825695 0.04770727	0.1939015 0.9032612 0.382781 0.01035038	-0.4422085 0.428773 -0.7877851 0.06965106	0 0 0 1	
0.8796916 0.01960718 -0.4751402 0.05151265	0.192005 0.8994432 0.3926015 0.01037943	-0.4350594 0.4365976 -0.787468 0.0734572	0 0 0 1	
0.8833659 0.02226255 -0.4681551 0.05535617	0.1907634 0.8953101 0.4025285 0.01030057	-0.4281053 0.4448867 -0.7866395 0.07721302	0 0 0 1	
0.8872647 0.02363903 -0.4606544 0.05910442	0.1902308 0.8910459 0.4121281 0.01021346	-0.4202065 0.4532973 -0.7860967 0.0809578	0 0 0 1	
0.8915369 0.02400935 -0.4523113 0.0627594	0.1899264 0.8867505 0.4214281 0.01015044	-0.4112055 0.4616246 -0.7860107 0.08470087	0 0 0 1	
0.89588 0.02444868 -0.4436228 0.06643176	0.1892628 0.8823598 0.4308373 0.01007954	-0.4019683 0.4699398 -0.7858613 0.08838724	0 0 0 1	
0.9094343 0.02191924 -0.4152695 0.06729707	0.180149 0.8792741 0.4409346 0.01109929	-0.3748007 0.4758114 -0.7956934 0.08401205	0 0 0 1	
0.913821 0.02299221 -0.4054658 0.07083283	0.1782629 0.8743639 0.4513426 0.01098511	-0.364902 0.4847258 -0.7949135 0.08706596	0 0 0 1	
0.9182289 0.02288695 -0.3953882 0.07415687	0.1768785 0.8695372 0.4611062 0.01095822	-0.3543581 0.4933367 -0.794386 0.09009158	0 0 0 1	
0.9225875 0.0208951 -0.3852216 0.07716908	0.1765389 0.8649836 0.4697206 0.01116114	-0.3430252 0.501365 -0.7943342 0.0931122	0 0 0 1	
0.9271039 0.01791823 -0.3743759 0.07993664	0.176238 0.8607031 0.4776299 0.01151887	-0.3307848 0.5087918 -0.7948033 0.09617663	0 0 0 1	
0.9316095 0.01520582 -0.3631425 0.08262587	0.1752871 0.8564577 0.4855458 0.01187896	-0.3183993 0.5159932 -0.7952188 0.09927276	0 0 0 1	
0.9362772 0.009989105 -0.3511201 0.07944433	0.1746667 0.8540142 0.4900525 0.01037926	-0.3047568 0.5201539 -0.7978492 0.10486	0 0 0 1	
0.9401932 0.007552579 -0.340558 0.08188106	0.173648 0.8494744 0.4982364 0.01072362	-0.2930583 0.5275757 -0.7973586 0.107614	0 0 0 1	
0.943699 0.005833238 -0.3307539 0.08439391	0.1724635 0.8445382 0.5069632 0.01098823	-0.2822915 0.5354636 -0.7959838 0.1103753	0 0 0 1	
0.9471548 0.005006686 -0.3207379 0.08693801	0.170442 0.8391998 0.5164235 0.01108539	-0.2717487 0.5438002 -0.7939987 0.1132092	0 0 0 1	
0.9506801 0.004574902 -0.3101394 0.0894286	0.1676419 0.8336878 0.5261758 0.01105287	-0.2609667 0.5522172 -0.7918034 0.1161308	0 0 0 1	
0.9541197 0.003809862 -0.2994011 0.09180771	0.1647098 0.8283621 0.5354316 0.01103198	-0.2500525 0.5601801 -0.7897291 0.1190792	0 0 0 1	
0.9570946 0.002412923 -0.2897656 0.09360662	0.1622878 0.8239692 0.5428973 0.01028472	-0.2400679 0.5666295 -0.7882249 0.1211474	0 0 0 1	
0.9600226 0.001705617 -0.2799174 0.09592645	0.1591616 0.8192788 0.5508628 0.01030757	-0.23027 0.5733929 -0.7862547 0.1237516	0 0 0 1	
0.9631287 0.001071826 -0.2690388 0.09812984	0.1553087 0.8143334 0.5592319 0.01017024	-0.2196867 0.5803964 -0.7841415 0.1264508	0 0 0 1	
0.966375 0.0001608431 -0.2571369 0.1001568	0.1509202 0.8092859 0.5676966 0.00992663	-0.2081886 0.5874149 -0.7820494 0.1292493	0 0 0 1	
0.9694722 -0.00169865 -0.2451955 0.1019615	0.1470841 0.8041219 0.5759813 0.009708503	-0.1961887 0.5944622 -0.7798235 0.1321173	0 0 0 1	
0.9723102 -0.004610337 -0.2336483 0.1035428	0.1441824 0.798667 0.5842453 0.009547212	-0.1839136 0.6017557 -0.7772168 0.1350787	0 0 0 1	
0.9749122 -0.006399266 -0.2224976 0.1069209	0.1407362 0.792151 0.5938772 0.006676218	-0.1724513 0.6102916 -0.7731783 0.1386201	0 0 0 1	
0.9772016 -0.00815279 -0.2121568 0.10859	0.1373749 0.7861746 0.6025427 0.006219478	-0.1618799 0.6179507 -0.7693711 0.1416025	0 0 0 1	
0.9792864 -0.009197097 -0.2022711 0.110257	0.1335756 0.7800998 0.6112298 0.005706649	-0.1521701 0.6255875 -0.7651696 0.144576	0 0 0 1	
0.9810688 -0.009919845 -0.193405 0.1118962	0.1299882 0.7740154 0.6196799 0.005241008	-0.1435513 0.6330891 -0.7606519 0.1475196	0 0 0 1	
0.9824809 -0.0105881 -0.1860624 0.1135161	0.1271996 0.7677703 0.6279721 0.004865019	-0.1362042 0.6406376 -0.7556665 0.1504124	0 0 0 1	
0.9836854 -0.01145913 -0.1795321 0.1150488	0.1250849 0.7608155 0.6367995 0.004429121	-0.1292936 0.648867 -0.7498364 0.1534017	0 0 0 1	
0.9848636 -0.01217986 -0.1729025 0.1158067	0.1228403 0.7528085 0.6466759 0.003376582	-0.122286 0.658127 -0.7429098 0.1534685	0 0 0 1	
0.9858741 -0.01170873 -0.1670782 0.1174326	0.1201252 0.7445763 0.6566401 0.002624651	-0.1167141 0.6674347 -0.735465 0.156412	0 0 0 1	
0.9867868 -0.009598445 -0.1617396 0.1192724	0.1163571 0.7366513 0.6661876 0.0018667	-0.1127513 0.6762047 -0.7280346 0.15918	0 0 0 1	
0.9877045 -0.006228577 -0.1562086 0.1212245	0.1112969 0.7297153 0.6746322 0.001218201	-0.1097858 0.6837227 -0.7214363 0.1617714	0 0 0 1	
0.9885719 -0.002541337 -0.1507288 0.1231655	0.1058515 0.7236149 0.6820388 0.0007156441	-0.1073363 0.6901993 -0.7156144 0.1642227	0 0 0 1	
0.9893978 0.0001255386 -0.1452306 0.124858	0.1010018 0.717972 0.6887053 0.0003726119	-0.104358 0.696072 -0.7103472 0.1666888	0 0 0 1	
0.9902037 0.002254941 -0.1396123 0.125938	0.09636642 0.7125326 0.6949897 -0.0008080564	-0.1010455 0.7016353 -0.7053351 0.167889	0 0 0 1	
0.9908723 0.003722347 -0.1347523 0.1273288	0.09254845 0.7080281 0.7000936 -0.0008571977	-0.09801441 0.7061745 -0.7012209 0.1702346	0 0 0 1	
0.9914973 0.005764004 -0.1299997 0.1287597	0.08834715 0.7036668 0.7050162 -0.0010144	-0.0955402 0.7105067 -0.6971745 0.1724438	0 0 0 1	
0.9920655 0.007989824 -0.125468 0.130188	0.0841613 0.6991746 0.7099801 -0.001352331	-0.09339669 0.7149063 -0.6929546 0.1745418	0 0 0 1	
0.9925209 0.009095255 -0.1217358 0.1314213	0.08135501 0.6942101 0.71516 -0.001770687	-0.09101478 0.7197149 -0.6882781 0.176624	0 0 0 1	
0.9928934 0.008520875 -0.1187017 0.1323522	0.08021668 0.6888719 0.720431 -0.002178481	-0.08790897 0.7248331 -0.6832927 0.178746	0 0 0 1	
0.9932796 0.006976303 -0.1155288 0.1321058	0.07962635 0.6832193 0.7258589 -0.002721232	-0.0839953 0.73018 -0.6780723 0.1791009	0 0 0 1	
0.9936271 0.006020203 -0.1125561 0.1328526	0.07872014 0.6776353 0.7311727 -0.003339346	-0.08067383 0.7353735 -0.6728429 0.1809504	0 0 0 1	
0.9940154 0.00506366 -0.1091227 0.1335486	0.07737177 0.6725457 0.7360001 -0.003976671	-0.07711682 0.7400384 -0.668129 0.18267	0 0 0 1	
0.9943599 0.003878981 -0.1059879 0.1342078	0.07625 0.6684607 0.7398285 -0.004371014	-0.07371856 0.7437373 -0.6643947 0.1841745	0 0 0 1	
0.9946624 0.002613898 -0.1031497 0.1348532	0.07528819 0.6652073 0.7428533 -0.004540689	-0.07055771 0.7466542 -0.6614599 0.1854728	0 0 0 1	
0.995074 0.0009903945 -0.09912965 0.1349263	0.07359 0.662628 0.7453246 -0.004141839	-0.06642425 0.748948 -0.659291 0.1843363	0 0 0 1	
0.9954054 0.001246683 -0.09574166 0.1357127	0.0710241 0.6609863 0.7470292 -0.004139068	-0.06421523 0.7503969 -0.6578608 0.1850542	0 0 0 1	
0.9957139 0.002310328 -0.09245753 0.1366173	0.06794042 0.6600179 0.7481714 -0.00404653	-0.06275216 0.7512463 -0.6570321 0.1855262	0 0 0 1	
0.9960212 0.003187651 -0.08906011 0.137418	0.06487338 0.6592501 0.74912 -0.003919783	-0.06110082 0.751917 -0.6564202 0.1859368	0 0 0 1	
0.9963118 0.003575699 -0.08573239 0.138076	0.06215895 0.6587005 0.7498333 -0.003741747	-0.05915315 0.7523968 -0.6560488 0.186322	0 0 0 1	
0.9964888 0.004133992 -0.08362394 0.138806	0.06022213 0.6584874 0.7501785 -0.00344981	-0.05816654 0.7525804 -0.6559263 0.1864923	0 0 0 1	
0.9965774 0.004224943 -0.08255708 0.1383037	0.05940516 0.6578871 0.75077 -0.003907499	-0.05748521 0.7531047 -0.6553844 0.1844616	0 0 0 1	
0.9966358 0.005258016 -0.08178905 0.139021	0.05815093 0.6578652 0.7508875 -0.003755255	-0.05775435 0.7531174 -0.6553462 0.1841932	0 0 0 1	
0.9966146 0.00649811 -0.08195829 0.1397724	0.05742713 0.6583556 0.7505131 -0.003552683	-0.05883462 0.7526789 -0.6557536 0.1836602	0 0 0 1	
0.996505 0.008091241 -0.08314008 0.1405964	0.05715804 0.6597633 0.7492965 -0.003205784	-0.06091551 0.7514299 -0.6569949 0.1827829	0 0 0 1	
0.9963164 0.01027255 -0.08513543 0.1415156	0.05698694 0.6625502 0.7468466 -0.002626552	-0.06407851 0.7489471 -0.6595242 0.1815006	0 0 0 1	
0.9960803 0.01277267 -0.08752611 0.1424605	0.05673027 0.6669498 0.7429399 -0.001764209	-0.06786484 0.7449932 -0.663611 0.1798534	0 0 0 1	
0.9958875 0.01458166 -0.08941715 0.1425869	0.05638986 0.6727173 0.7377477 -0.0008954857	-0.07091006 0.7397559 -0.6691285 0.1770615	0 0 0 1	
0.9956475 0.01797916 -0.09144849 0.143584	0.05489684 0.6797982 0.7313418 0.0001814137	-0.07531544 0.7331789 -0.6758524 0.174798	0 0 0 1	
0.9953746 0.02181816 -0.09355926 0.1446772	0.05297893 0.6877382 0.7240231 0.00132149	-0.08014113 0.7256309 -0.6834012 0.1722615	0 0 0 1	
0.9950835 0.02584715 -0.09560718 0.1458083	0.05074896 0.695909 0.7163346 0.002412606	-0.08504911 0.7176647 -0.6911759 0.1695714	0 0 0 1	
0.994804 0.03017786 -0.09723296 0.1469674	0.04792834 0.7037863 0.7087932 0.003268294	-0.08982108 0.7097706 -0.698683 0.1668246	0 0 0 1	
0.9945384 0.03445314 -0.09852055 0.1481035	0.04485412 0.7112416 0.7015151 0.003915617	-0.09424131 0.7021028 -0.7058117 0.1640885	0 0 0 1	
0.9943223 0.03786524 -0.0994454 0.1490895	0.04210386 0.7182807 0.6944783 0.004465787	-0.0977263 0.6947224 -0.7126082 0.1614854	0 0 0 1	
0.9942182 0.03929944 -0.09992889 0.1481377	0.04049708 0.7246668 0.6879085 0.004096664	-0.09944957 0.687978 -0.7188854 0.1579615	0 0 0 1	
0.9941083 0.04183682 -0.09999224 0.1488671	0.03775536 0.7310824 0.6812437 0.004344407	-0.1016036 0.6810052 -0.7251955 0.1555536	0 0 0 1	
0.9940348 0.04375792 -0.09990058 0.1495109	0.03531918 0.7374692 0.6744567 0.004564774	-0.1031864 0.6739618 -0.7315245 0.1532149	0 0 0 1	
0.9939343 0.04571442 -0.1000243 0.1501594	0.03295368 0.7439207 0.667455 0.004729246	-0.1049224 0.6667026 -0.7379018 0.1508257	0 0 0 1	
0.9937387 0.04810651 -0.1008421 0.1508798	0.0307082 0.7502034 0.6604937 0.004756599	-0.1074262 0.6594548 -0.7440289 0.1482997	0 0 0 1	
0.9934341 0.05088592 -0.1024664 0.1516408	0.02867506 0.7562993 0.6535971 0.004619449	-0.1107542 0.6522439 -0.7498743 0.1456316	0 0 0 1	
0.9929736 0.05329945 -0.105653 0.1503789	0.02784914 0.7624921 0.6463979 0.004145864	-0.1150122 0.6447985 -0.7556502 0.1425714	0 0 0 1	
0.9922886 0.05657862 -0.1102824 0.1511168	0.02711146 0.7691221 0.6385265 0.003988952	-0.1209476 0.6365924 -0.7616572 0.1393259	0 0 0 1	
0.9914771 0.05974694 -0.1157736 0.1517542	0.02674686 0.7763655 0.6297151 0.003896045	-0.1275062 0.6274447 -0.7681506 0.1358352	0 0 0 1	
0.9905354 0.06248214 -0.1222115 0.1522288	0.02699978 0.784286 0.6198117 0.003893366	-0.1345759 0.6172451 -0.775176 0.1320965	0 0 0 1	
0.9895144 0.06417212 -0.1293954 0.1524258	0.02818046 0.7928824 0.6087227 0.00404568	-0.1416584 0.6059862 -0.7827602 0.128201	0 0 0 1	
0.9884843 0.06497104 -0.1366661 0.1523403	0.02976317 0.8020214 0.5965533 0.004292672	-0.1483678 0.5937511 -0.7908518 0.1242439	0 0 0 1	
0.987577 0.06479203 -0.1431563 0.1508858	0.03141076 0.8112481 0.5838578 0.004341862	-0.1539646 0.5811012 -0.7991347 0.1201241	0 0 0 1	
0.986648 0.06482176 -0.149412 0.1503513	0.03267186 0.8199608 0.5714866 0.0042777	-0.1595567 0.5687376 -0.8068948 0.1163812	0 0 0 1	
0.9856706 0.06449953 -0.1558632 0.149673	0.03440627 0.8277062 0.5601059 0.003983215	-0.1651355 0.5574425 -0.8136265 0.1127932	0 0 0 1	
0.9844742 0.06413075 -0.1633944 0.1489465	0.03682486 0.8346924 0.5494839 0.003546276	-0.1716229 0.5469698 -0.8193715 0.1092109	0 0 0 1	
0.9830204 0.06413645 -0.1719225 0.148219	0.03934387 0.8414673 0.5388738 0.003059821	-0.1792286 0.5364881 -0.8246561 0.1055367	0 0 0 1	
0.9814457 0.06445949 -0.1805803 0.1474444	0.04144651 0.8482106 0.5280349 0.002547339	-0.187207 0.525722 -0.8298011 0.1018639	0 0 0 1	
0.9800016 0.0643729 -0.1882898 0.1458437	0.04338678 0.8543397 0.5179008 0.002297828	-0.1942022 0.5157129 -0.8344613 0.09932606	0 0 0 1	
0.9786108 0.06448689 -0.1953521 0.1448344	0.04482958 0.8599295 0.5084404 0.001503344	-0.2007768 0.5063227 -0.8386453 0.09612212	0 0 0 1	
0.9771913 0.06459223 -0.2022992 0.1437565	0.04606277 0.8654696 0.4988393 0.0007002545	-0.2073049 0.4967799 -0.8427541 0.09297985	0 0 0 1	
0.9756951 0.06466975 -0.2093725 0.1426111	0.04713194 0.8711666 0.4887201 -2.316618E-05	-0.2140037 0.48671 -0.846945 0.08985008	0 0 0 1	
0.9741955 0.06493626 -0.216163 0.1414175	0.04772148 0.8768083 0.4784662 -0.0007719807	-0.2206033 0.4764352 -0.8510838 0.08680969	0 0 0 1	
0.9725175 0.06581102 -0.223335 0.1402608	0.04773217 0.8824923 0.4678984 -0.001534163	-0.2278843 0.4656997 -0.855098 0.08374612	0 0 0 1	
0.9707172 0.06706046 -0.2306752 0.1391138	0.04715394 0.8883735 0.4566936 -0.003510916	-0.2355518 0.4541976 -0.8591973 0.07821587	0 0 0 1	
0.9685416 0.06857517 -0.2392168 0.1379616	0.04670506 0.8941081 0.4454093 -0.004231121	-0.2444297 0.44257 -0.862778 0.07509565	0 0 0 1	
0.9662391 0.07022767 -0.2478913 0.1367888	0.04610144 0.8994819 0.4345192 -0.004968252	-0.253489 0.4312776 -0.865877 0.07212442	0 0 0 1	
0.9639912 0.07171561 -0.2560816 0.1355489	0.04552009 0.9042416 0.4245881 -0.005753717	-0.2620092 0.420956 -0.8684164 0.06944161	0 0 0 1	
0.961934 0.07257541 -0.2634687 0.1341883	0.04548862 0.9081197 0.4162325 -0.006584021	-0.2694693 0.412373 -0.8702499 0.06715003	0 0 0 1	
0.9602 0.07222351 -0.2698144 0.1326465	0.04668016 0.910911 0.4099539 -0.007451643	-0.2753852 0.4062327 -0.8712852 0.06533471	0 0 0 1	
0.9588308 0.07040627 -0.2751118 0.1315728	0.049383 0.9126787 0.4056832 -0.007134219	-0.2796513 0.4025674 -0.8716276 0.06602769	0 0 0 1	
0.9573011 0.06766447 -0.2810626 0.1298272	0.05327527 0.9142799 0.4015644 -0.007784866	-0.2841415 0.3993917 -0.8716363 0.06481927	0 0 0 1	
0.9556701 0.0649575 -0.287185 0.1281108	0.05732706 0.9156467 0.3978754 -0.008401992	-0.288805 0.3967011 -0.8713323 0.06367886	0 0 0 1	
0.9539412 0.0628954 -0.2933263 0.1264864	0.0608369 0.9168998 0.3944536 -0.009035861	-0.2937601 0.3941306 -0.8708422 0.06255775	0 0 0 1	
0.9521362 0.06125342 -0.2994739 0.1249632	0.06396586 0.9180989 0.3911557 -0.009640727	-0.2989063 0.3915896 -0.8702371 0.06145488	0 0 0 1	
0.9503121 0.06069817 -0.3053237 0.1235494	0.0659127 0.9193354 0.3879149 -0.01028677	-0.3042406 0.3887649 -0.8696548 0.06036494	0 0 0 1	
0.9483586 0.06112622 -0.3112549 0.1222671	0.06681026 0.9207516 0.3843865 -0.01092983	-0.3100845 0.3853312 -0.8691188 0.05922995	0 0 0 1	
0.9466036 0.06301618 -0.3161813 0.1216157	0.06576847 0.9223449 0.3807288 -0.01151783	-0.3156203 0.381194 -0.8689505 0.05774556	0 0 0 1	
0.9444414 0.06541402 -0.3221046 0.1205708	0.0644701 0.9240893 0.3766995 -0.01220373	-0.3222949 0.3765367 -0.868531 0.05651662	0 0 0 1	
0.9420993 0.06749596 -0.3284711 0.119551	0.0634365 0.9259747 0.3722186 -0.01277413	-0.3292792 0.3715039 -0.8680784 0.05526429	0 0 0 1	
0.939648 0.06958441 -0.334992 0.118526	0.06238224 0.9278446 0.367713 -0.01330457	-0.3364076 0.3664183 -0.8675065 0.05403346	0 0 0 1	
0.9370599 0.07175629 -0.341716 0.1175122	0.06125018 0.9297006 0.3631874 -0.01381931	-0.3437546 0.3612586 -0.8667901 0.05280973	0 0 0 1	
0.9345151 0.07482681 -0.347969 0.1175851	0.05891556 0.9316438 0.3585648 -0.01379573	-0.3510134 0.355585 -0.8662268 0.05190413	0 0 0 1	
0.931457 0.07746789 -0.3555089 0.1167162	0.05730189 0.9336464 0.3535829 -0.01427328	-0.3593109 0.3497186 -0.8652124 0.0505751	0 0 0 1	
0.9284825 0.0795781 -0.3627499 0.1157953	0.05625085 0.9353681 0.3491738 -0.01475894	-0.3670913 0.3446068 -0.8639966 0.04937228	0 0 0 1	
0.9256157 0.08086918 -0.369724 0.1147907	0.05611009 0.9367858 0.3453752 -0.01520997	-0.3742824 0.3404299 -0.8625661 0.04831296	0 0 0 1	
0.9226824 0.08161434 -0.376824 0.113723	0.05654966 0.9381245 0.3416497 -0.01559562	-0.3813913 0.3365434 -0.8609757 0.04730657	0 0 0 1	
0.9195162 0.08207344 -0.3843877 0.1126179	0.05717977 0.9396202 0.3374083 -0.01589547	-0.3888707 0.3322316 -0.8593031 0.04627833	0 0 0 1	
0.9159929 0.08318232 -0.3924765 0.1129908	0.05693167 0.9414193 0.3323981 -0.01625059	-0.3971346 0.3268187 -0.8575976 0.04393008	0 0 0 1	
0.9117281 0.08366454 -0.4021842 0.1119815	0.05743806 0.9434599 0.3264724 -0.0163532	-0.4067588 0.3207548 -0.8553734 0.04264007	0 0 0 1	
0.9072933 0.0839005 -0.4120431 0.1109597	0.05777376 0.9457275 0.3197839 -0.01638894	-0.4165106 0.3139431 -0.853205 0.04136029	0 0 0 1	
0.9023149 0.08434176 -0.4227461 0.1099836	0.05801959 0.947989 0.3129704 -0.01640609	-0.4271552 0.3069254 -0.8504912 0.03997687	0 0 0 1	
0.8970402 0.08505598 -0.4336869 0.1090409	0.05824709 0.949992 0.3067939 -0.01647286	-0.4380938 0.3004674 -0.8472267 0.03858598	0 0 0 1	
0.8920891 0.08585891 -0.4436274 0.1080659	0.05840936 0.9516333 0.3016328 -0.01661678	-0.4480684 0.2949953 -0.8439268 0.03737153	0 0 0 1	
0.8874282 0.08703662 -0.4526541 0.1070445	0.05822661 0.9529782 0.2973925 -0.01683625	-0.4572535 0.290271 -0.8406319 0.03630335	0 0 0 1	
0.8829086 0.08907674 -0.4610182 0.1062094	0.05705073 0.954215 0.2936304 -0.01754678	-0.4660662 0.2855502 -0.8374028 0.03336772	0 0 0 1	
0.8786221 0.09048887 -0.4688656 0.1050533	0.05688323 0.955056 0.2909166 -0.01779787	-0.4741176 0.2822764 -0.8339859 0.03242968	0 0 0 1	
0.8748879 0.09173833 -0.4755577 0.1037857	0.0568229 0.9556734 0.2888936 -0.01804439	-0.4809805 0.2797721 -0.8308944 0.03168264	0 0 0 1	
0.8716099 0.09289688 -0.4813174 0.1024145	0.05673818 0.9561615 0.2872907 -0.01825437	-0.4869056 0.2777145 -0.828129 0.03107176	0 0 0 1	
0.8689572 0.09381528 -0.4859137 0.1009292	0.05669568 0.9565312 0.286066 -0.01842279	-0.491629 0.2761283 -0.8258657 0.03061998	0 0 0 1	
0.8669699 0.09525634 -0.4891722 0.1006819	0.05555039 0.9569747 0.2848044 -0.01805711	-0.4952549 0.2740906 -0.8243767 0.02872851	0 0 0 1	
0.8647892 0.09572208 -0.4929268 0.09905641	0.05537991 0.9574917 0.2830949 -0.01807372	-0.4990717 0.2721156 -0.8227274 0.02834281	0 0 0 1	
0.8621937 0.09629229 -0.4973428 0.09737082	0.05531112 0.958004 0.2813699 -0.01806575	-0.5035502 0.270104 -0.8206589 0.0279262	0 0 0 1	
0.8589753 0.09727032 -0.5026928 0.09564564	0.05534042 0.9584001 0.2800119 -0.01809731	-0.5090176 0.2683425 -0.817859 0.02746636	0 0 0 1	
0.855034 0.09864882 -0.5091025 0.09388137	0.05541392 0.958737 0.2788418 -0.01817637	-0.5156028 0.2666306 -0.8142861 0.02695373	0 0 0 1	
0.85052 0.1002969 -0.5162908 0.09205928	0.0555395 0.9590322 0.2777996 -0.01829128	-0.523002 0.2649487 -0.8101056 0.02641967	0 0 0 1	
0.8455954 0.102887 -0.5238156 0.09270757	0.05471233 0.9593797 0.276762 -0.01716854	-0.5310132 0.2626878 -0.8056178 0.02403438	0 0 0 1	
0.8404042 0.1040634 -0.5318755 0.09074126	0.05541835 0.9597473 0.2753433 -0.01719333	-0.5391192 0.2608754 -0.8008087 0.02345353	0 0 0 1	
0.8348507 0.104451 -0.540476 0.08860223	0.05690836 0.9601959 0.273469 -0.01716285	-0.547527 0.2590634 -0.7956761 0.02292438	0 0 0 1	
0.8288673 0.1039645 -0.5497004 0.08629826	0.0595038 0.960624 0.2714052 -0.01707861	-0.5562719 0.2576681 -0.7900435 0.02246283	0 0 0 1	
0.8228123 0.1029299 -0.5589145 0.08384258	0.0630172 0.9608728 0.2697262 -0.01699101	-0.5648087 0.2571553 -0.7841316 0.0221548	0 0 0 1	
0.8169893 0.1014765 -0.567654 0.08124174	0.06734876 0.9608666 0.2686999 -0.01694085	-0.5727064 0.2577557 -0.7781834 0.02205981	0 0 0 1	
0.8107418 0.1000955 -0.5767831 0.08112463	0.0720515 0.9607204 0.2680018 -0.01636711	-0.580953 0.2588384 -0.7716841 0.02075887	0 0 0 1	
0.8036012 0.09690163 -0.5872267 0.07835293	0.07915249 0.9604921 0.266814 -0.01629178	-0.5898814 0.2608925 -0.7641826 0.0207941	0 0 0 1	
0.7954292 0.09350531 -0.5987898 0.07548828	0.08740212 0.9599984 0.2660151 -0.01626779	-0.599711 0.2639317 -0.7554381 0.02090681	0 0 0 1	
0.7868614 0.09044147 -0.6104665 0.07256158	0.09601051 0.959218 0.2658623 -0.01634011	-0.6096155 0.267808 -0.7460883 0.02116594	0 0 0 1	
0.7783687 0.08776379 -0.6216427 0.06957982	0.1045495 0.9582334 0.2661919 -0.01650753	-0.6190408 0.2721879 -0.7366832 0.02158277	0 0 0 1	
0.7707281 0.08501428 -0.6314671 0.06654292	0.1129149 0.9571486 0.2666774 -0.01675391	-0.6270792 0.2768378 -0.728102 0.02219582	0 0 0 1	
0.7637694 0.08306709 -0.6401219 0.06670398	0.1202747 0.9560035 0.2675655 -0.01679124	-0.6341847 0.2813489 -0.7201753 0.02296889	0 0 0 1	
0.7573423 0.08031452 -0.6480604 0.06375426	0.1273914 0.95517 0.2672482 -0.01705794	-0.6404718 0.2849557 -0.7131593 0.02370979	0 0 0 1	
0.7506696 0.07795969 -0.6560621 0.0608336	0.1337934 0.9545007 0.2665102 -0.01736778	-0.6469888 0.2878379 -0.7060841 0.02439074	0 0 0 1	
0.7438411 0.07583265 -0.6640406 0.0579499	0.1394954 0.9540464 0.2652101 -0.01772377	-0.6536372 0.2899048 -0.6990806 0.02502872	0 0 0 1	
0.7368845 0.07347034 -0.6720144 0.05508976	0.1450021 0.953762 0.2632726 -0.01809285	-0.6602846 0.291445 -0.6921591 0.02565961	0 0 0 1	
0.7301693 0.07096172 -0.6795714 0.05227257	0.1505074 0.9534584 0.2612749 -0.01849106	-0.6664837 0.2930554 -0.6855057 0.02633041	0 0 0 1	
0.7236608 0.06989466 -0.6866074 0.05251532	0.1551435 0.9529216 0.2605206 -0.01829962	-0.672492 0.2950512 -0.6787483 0.02658863	0 0 0 1	
0.7182387 0.06854939 -0.6924118 0.05004618	0.1593033 0.9525017 0.2595438 -0.01873857	-0.6773151 0.2967179 -0.6732034 0.0272191	0 0 0 1	
0.7136694 0.06727861 -0.6972443 0.04765277	0.1627241 0.9522237 0.2584395 -0.01917155	-0.68132 0.2978988 -0.6686251 0.02781095	0 0 0 1	
0.7096022 0.0657638 -0.7015268 0.04532445	0.1654213 0.9522581 0.2565938 -0.01953006	-0.6849092 0.2981269 -0.6648457 0.02831868	0 0 0 1	
0.7057431 0.06416614 -0.705556 0.04308749	0.1672663 0.9526449 0.2539481 -0.01981281	-0.6884392 0.2972379 -0.6615897 0.02871308	0 0 0 1	
0.7016597 0.06277097 -0.7097418 0.04097511	0.1683927 0.9532841 0.2507855 -0.02004738	-0.6923276 0.2954814 -0.6583109 0.02898075	0 0 0 1	
0.6972694 0.062539 -0.7140757 0.04142044	0.1690035 0.9537596 0.2485566 -0.02040209	-0.6966011 0.2939922 -0.6544582 0.02880713	0 0 0 1	
0.6935582 0.06212406 -0.7177169 0.03967081	0.1693 0.9543169 0.246205 -0.02056408	-0.7002246 0.292267 -0.6513566 0.0289977	0 0 0 1	
0.6902947 0.06203651 -0.7208639 0.03798822	0.1691357 0.9548767 0.2441386 -0.02067058	-0.7034816 0.2904513 -0.6486537 0.02916719	0 0 0 1	
0.68678 0.06207474 -0.7242099 0.03634706	0.1689789 0.9554138 0.2421375 -0.02070959	-0.7069508 0.2886714 -0.6456698 0.02929982	0 0 0 1	
0.6832609 0.06182477 -0.7275522 0.03470571	0.1694195 0.9557932 0.2403256 -0.02071911	-0.7102476 0.2874666 -0.6425818 0.02946813	0 0 0 1	
0.6798052 0.06105416 -0.7308469 0.03305106	0.170724 0.9559779 0.2386621 -0.02073099	-0.7132449 0.2870169 -0.6394553 0.02969428	0 0 0 1	
0.676195 0.06056263 -0.7342291 0.0347013	0.1727481 0.9557961 0.2379324 -0.02112547	-0.7161832 0.2877254 -0.6358425 0.02956249	0 0 0 1	
0.6731749 0.05878299 -0.7371432 0.03316469	0.1757275 0.9555642 0.2366789 -0.02111204	-0.7183004 0.2888626 -0.6329319 0.02993067	0 0 0 1	
0.6697435 0.05728445 -0.7403798 0.03164316	0.1790166 0.955161 0.23584 -0.02110729	-0.7206919 0.2904926 -0.629458 0.03030345	0 0 0 1	
0.6653088 0.05649815 -0.7444274 0.03014749	0.182144 0.9547167 0.2352435 -0.02107298	-0.7240081 0.2921025 -0.6248907 0.03061914	0 0 0 1	
0.660428 0.05635753 -0.7487715 0.02863622	0.184604 0.9543884 0.2346572 -0.02097264	-0.7278436 0.2932004 -0.6199011 0.03088897	0 0 0 1	
0.6556283 0.05628561 -0.752983 0.02705322	0.1863991 0.9542909 0.2336326 -0.02078999	-0.731715 0.2935315 -0.6151686 0.03114182	0 0 0 1	
0.6505935 0.05641598 -0.7573278 0.02794616	0.1880004 0.9542319 0.2325886 -0.02126066	-0.735788 0.2936985 -0.6102109 0.03110296	0 0 0 1	
0.64544 0.0554876 -0.7617929 0.02629481	0.1899957 0.954346 0.2304894 -0.0209799	-0.7398033 0.2935044 -0.6054307 0.03142298	0 0 0 1	
0.6404353 0.0541822 -0.7660985 0.02453286	0.192993 0.9541467 0.2288182 -0.02071632	-0.7433683 0.2943949 -0.6006124 0.03184798	0 0 0 1	
0.6359749 0.05257149 -0.769917 0.0226722	0.1968472 0.9536226 0.2277171 -0.02048888	-0.7461817 0.2963784 -0.5961315 0.03239102	0 0 0 1	
0.6316676 0.05087402 -0.7735682 0.0207586	0.2010963 0.9529358 0.2268781 -0.02028522	-0.7487031 0.2988732 -0.5917081 0.03298952	0 0 0 1	
0.6272709 0.04954771 -0.7772234 0.01882719	0.205169 0.9522077 0.2262879 -0.02009935	-0.7512901 0.301406 -0.5871266 0.03359169	0 0 0 1	
0.6222606 0.04924764 -0.7812597 0.01896908	0.20921 0.9512547 0.2265959 -0.0205589	-0.7543362 0.3044491 -0.5816252 0.03571871	0 0 0 1	
0.616962 0.04832817 -0.7855076 0.01707328	0.21286 0.9506634 0.2256761 -0.02037377	-0.7576599 0.3064368 -0.576236 0.03636315	0 0 0 1	
0.6111581 0.0469525 -0.7901147 0.01512485	0.2164207 0.9502857 0.2238733 -0.02018894	-0.761346 0.3078191 -0.5706133 0.03699372	0 0 0 1	
0.6050694 0.0452783 -0.7948843 0.01315517	0.2200858 0.9499668 0.2216425 -0.02003608	-0.7651493 0.3090518 -0.5648307 0.0376203	0 0 0 1	
0.599462 0.04329428 -0.7992314 0.0111735	0.2241861 0.9494859 0.2195839 -0.01994151	-0.7683657 0.3108088 -0.5594748 0.03827666	0 0 0 1	
0.5946941 0.0410142 -0.8029053 0.009209076	0.2285923 0.94885 0.2177827 -0.01989372	-0.7707688 0.3130521 -0.5548999 0.03894644	0 0 0 1	
0.5904999 0.03890403 -0.8060994 0.008978251	0.2333156 0.9479561 0.2166633 -0.02038267	-0.772576 0.3160152 -0.5506911 0.04038249	0 0 0 1	
0.5874494 0.03639906 -0.8084419 0.007350404	0.2372809 0.9473342 0.2150713 -0.02038812	-0.7736931 0.3181713 -0.5478742 0.04100417	0 0 0 1	
0.5851289 0.03459073 -0.8102022 0.005973289	0.2400885 0.9469101 0.2138195 -0.02039988	-0.7745848 0.3196322 -0.5457597 0.04150183	0 0 0 1	
0.5834476 0.03370885 -0.8114509 0.004884638	0.2417511 0.9466385 0.213148 -0.02041142	-0.7753356 0.3205298 -0.5441648 0.04185861	0 0 0 1	
0.5827589 0.03377955 -0.8119428 0.004078494	0.2423741 0.9464369 0.2133351 -0.02045395	-0.775659 0.3211168 -0.5433573 0.04207401	0 0 0 1	
0.5835721 0.03450155 -0.8113281 0.003518719	0.2419746 0.9463235 0.2142897 -0.02055713	-0.7751722 0.3213743 -0.5438995 0.04214978	0 0 0 1	
0.5857751 0.03579522 -0.8096828 0.00544581	0.2407075 0.9462633 0.2159762 -0.02100594	-0.773904 0.3214102 -0.5456814 0.04415518	0 0 0 1	
0.5889195 0.03649143 -0.8073675 0.005388282	0.2386844 0.9465674 0.216887 -0.0212208	-0.7721422 0.320435 -0.548742 0.04399306	0 0 0 1	
0.5925056 0.03734571 -0.8047003 0.005537424	0.2362461 0.9469471 0.2178967 -0.02150861	-0.7701461 0.3192123 -0.5522486 0.04369163	0 0 0 1	
0.5970496 0.03857518 -0.8012763 0.005858604	0.2330746 0.9474136 0.2192799 -0.02187265	-0.7675989 0.3176781 -0.556662 0.04326368	0 0 0 1	
0.6020124 0.03983604 -0.7974924 0.006333314	0.2293556 0.9480396 0.2204925 -0.02229967	-0.7648379 0.3156486 -0.561595 0.04269872	0 0 0 1	
0.6071718 0.04078311 -0.7935233 0.006932978	0.2252733 0.948868 0.221137 -0.02277894	-0.7619675 0.3130277 -0.5669385 0.04200009	0 0 0 1	
0.6127731 0.04166678 -0.7891597 0.009321636	0.2208464 0.9497926 0.2216326 -0.02395671	-0.7587727 0.3100936 -0.5728054 0.04197973	0 0 0 1	
0.6191621 0.04206185 -0.7841359 0.01021432	0.2158708 0.9509748 0.2214651 -0.02456054	-0.7550087 0.3063948 -0.5797276 0.04112256	0 0 0 1	
0.6265134 0.04199719 -0.7782784 0.01118341	0.2107201 0.9522342 0.2210137 -0.02522711	-0.7503852 0.3024669 -0.5877379 0.04017998	0 0 0 1	
0.6345224 0.04123649 -0.7718036 0.01221979	0.2058838 0.9534784 0.2202063 -0.02596958	-0.7449786 0.2986277 -0.5965135 0.03915916	0 0 0 1	
0.6431625 0.03985783 -0.7646916 0.01331423	0.2013035 0.9547165 0.2190737 -0.0267712	-0.7387955 0.294835 -0.6060144 0.03806452	0 0 0 1	
0.6525164 0.03824317 -0.756809 0.01447394	0.1965487 0.9560041 0.2177721 -0.02760057	-0.7318408 0.2908497 -0.6162918 0.0369057	0 0 0 1	
0.6623045 0.0367441 -0.7483332 0.01671318	0.1915482 0.9572999 0.2165323 -0.02914144	-0.7243356 0.2867522 -0.6269857 0.03642631	0 0 0 1	
0.6721057 0.03540543 -0.7396083 0.01812493	0.1857922 0.9588379 0.2147353 -0.03003776	-0.7167673 0.2817383 -0.6378623 0.0352162	0 0 0 1	
0.6818734 0.0338385 -0.730687 0.01963935	0.1804467 0.9602752 0.2128628 -0.03097392	-0.7088636 0.2769956 -0.6486801 0.0340023	0 0 0 1	
0.6921161 0.03192894 -0.7210796 0.02122318	0.1759132 0.9614346 0.2114191 -0.03194388	-0.7000213 0.273174 -0.6598077 0.03285054	0 0 0 1	
0.7031083 0.02989175 -0.7104542 0.02288062	0.1719255 0.9623272 0.210637 -0.03293386	-0.6899857 0.2702459 -0.6714811 0.03179185	0 0 0 1	
0.7143034 0.02803805 -0.6992744 0.02465027	0.1682559 0.9630089 0.2104848 -0.03394404	-0.679309 0.268007 -0.6831629 0.03081149	0 0 0 1	
0.7252715 0.02660197 -0.6879488 0.02712699	0.1647564 0.9635115 0.2109523 -0.03508533	-0.6684583 0.2663416 -0.6944246 0.03039089	0 0 0 1	
0.7355637 0.02540635 -0.6769789 0.02913238	0.1614375 0.9639348 0.2115836 -0.03608482	-0.6579392 0.264923 -0.7049339 0.02954546	0 0 0 1	
0.7452681 0.02442952 -0.6663173 0.03124147	0.158519 0.964184 0.2126521 -0.03707723	-0.6476474 0.2641068 -0.7147031 0.02877083	0 0 0 1	
0.7544629 0.02354515 -0.6559203 0.03343467	0.1561635 0.9642176 0.2142367 -0.03807233	-0.6374941 0.2640645 -0.7237896 0.02807768	0 0 0 1	
0.7631365 0.02280632 -0.6458347 0.03569767	0.153985 0.9641744 0.2160008 -0.03904086	-0.6276235 0.264287 -0.7322848 0.02746126	0 0 0 1	
0.7708584 0.02239479 -0.6366127 0.03803248	0.1517302 0.9641625 0.2176436 -0.03995578	-0.6186722 0.2643658 -0.7398348 0.02687674	0 0 0 1	
0.7777411 0.02257548 -0.6281792 0.04043671	0.149136 0.9641931 0.2192946 -0.04083353	-0.6106367 0.2642386 -0.7465258 0.02630949	0 0 0 1	
0.78413 0.02315716 -0.6201645 0.04278316	0.1463886 0.9642028 0.221096 -0.04211828	-0.6030843 0.2641529 -0.7526703 0.02479541	0 0 0 1	
0.7904181 0.02381409 -0.6121046 0.04524627	0.1436228 0.9641863 0.2229738 -0.04294339	-0.5954928 0.2641548 -0.7586901 0.02431003	0 0 0 1	
0.796874 0.02432899 -0.6036555 0.0476938	0.1413098 0.963966 0.225391 -0.04374481	-0.5873868 0.2649107 -0.7647215 0.02389307	0 0 0 1	
0.8035192 0.0246377 -0.5947688 0.05012102	0.1394329 0.9635582 0.2282852 -0.04453014	-0.5787187 0.2663619 -0.7708022 0.02354864	0 0 0 1	
0.8103811 0.02431609 -0.5853984 0.05249172	0.1381834 0.9630209 0.2312923 -0.0452721	-0.569375 0.2683272 -0.7770538 0.02330008	0 0 0 1	
0.8175561 0.02338158 -0.5753741 0.05442915	0.137534 0.9623305 0.2345302 -0.04635241	-0.5591837 0.270875 -0.7835435 0.02510985	0 0 0 1	
0.8244641 0.02233961 -0.5654733 0.05663044	0.1363844 0.9619256 0.2368513 -0.04696909	-0.5492343 0.2723971 -0.7900263 0.02511977	0 0 0 1	
0.8305856 0.021827 -0.5564632 0.0588206	0.1348296 0.9616212 0.2389679 -0.04755208	-0.5403227 0.2735109 -0.7957658 0.02512369	0 0 0 1	
0.8361484 0.02217292 -0.5480549 0.06099353	0.1326731 0.9613367 0.2413081 -0.04815756	-0.5322158 0.2744815 -0.8008784 0.02514154	0 0 0 1	
0.8413294 0.0232717 -0.5400215 0.06311943	0.1297499 0.9611665 0.2435651 -0.04878832	-0.5247188 0.2749862 -0.8056381 0.0251927	0 0 0 1	
0.8458062 0.02460367 -0.5329226 0.06517327	0.1264783 0.9612095 0.2451114 -0.04938847	-0.5182808 0.2747199 -0.8098851 0.02523491	0 0 0 1	
0.8495967 0.02585704 -0.5267987 0.06730765	0.1234263 0.9613175 0.246241 -0.05032004	-0.5127879 0.2742264 -0.8135407 0.02548138	0 0 0 1	
0.8529416 0.02703119 -0.521306 0.06918769	0.1206141 0.961429 0.2471972 -0.0508949	-0.5078807 0.2737216 -0.8167825 0.02553806	0 0 0 1	
0.8559578 0.02817222 -0.5162776 0.07098046	0.1179677 0.961537 0.2480527 -0.05147063	-0.5034082 0.2732268 -0.8197117 0.02560084	0 0 0 1	
0.8586354 0.0292987 -0.5117489 0.07269417	0.1154507 0.9616585 0.2487653 -0.05204389	-0.4994161 0.2726804 -0.8223314 0.02564105	0 0 0 1	
0.8612713 0.03011332 -0.5072523 0.07430869	0.113385 0.9616856 0.2496091 -0.05261889	-0.4953338 0.272496 -0.8248578 0.0257016	0 0 0 1	
0.864084 0.03044667 -0.5024259 0.07580974	0.1117916 0.9616311 0.250536 -0.0531764	-0.4907764 0.2726511 -0.8275264 0.02581337	0 0 0 1	
0.8669702 0.03059343 -0.4974202 0.07717204	0.1102843 0.9615901 0.25136 -0.05363553	-0.4860043 0.2727792 -0.8302959 0.02678207	0 0 0 1	
0.869716 0.03075029 -0.4925935 0.07847551	0.1083309 0.9618253 0.2513097 -0.0540855	-0.4815168 0.2719312 -0.8331837 0.02690949	0 0 0 1	
0.8721265 0.03105497 -0.488294 0.07972983	0.1060401 0.9622672 0.2505941 -0.05449436	-0.4776514 0.2703285 -0.8359256 0.02696812	0 0 0 1	
0.8740985 0.03173946 -0.4847105 0.08095667	0.1033322 0.9628735 0.2493934 -0.05487746	-0.4746306 0.2680806 -0.8383666 0.02693501	0 0 0 1	
0.8757119 0.03288352 -0.4817129 0.08216361	0.1003075 0.9635211 0.2481238 -0.05525796	-0.4722997 0.2656044 -0.8404685 0.02682597	0 0 0 1	
0.8773006 0.03443849 -0.4787042 0.08334284	0.09693407 0.9641526 0.2470091 -0.05566394	-0.4700505 0.263104 -0.8425134 0.0267065	0 0 0 1	
0.8788865 0.03601644 -0.4756693 0.08403346	0.09355325 0.9647682 0.2459066 -0.05553034	-0.4677673 0.2606244 -0.8445523 0.02784598	0 0 0 1	
0.8806792 0.03732324 -0.4722404 0.08509946	0.0905172 0.9652644 0.2450942 -0.05587332	-0.4649847 0.2585953 -0.84671 0.02782345	0 0 0 1	
0.8825569 0.03830986 -0.4686423 0.08610426	0.08807483 0.965566 0.2447959 -0.05620266	-0.4618832 0.2573219 -0.8487929 0.02786065	0 0 0 1	
0.8843373 0.03914819 -0.4652043 0.0870757	0.08610683 0.9657038 0.2449527 -0.05655038	-0.458839 0.256678 -0.850637 0.02791802	0 0 0 1	
0.8859169 0.03993578 -0.4621217 0.0880233	0.08451013 0.9657143 0.2454667 -0.05692881	-0.4560804 0.2565171 -0.8521676 0.02795894	0 0 0 1	
0.8872872 0.04070193 -0.4594179 0.08894096	0.08306936 0.965706 0.2459906 -0.05731353	-0.4536749 0.2564279 -0.8534775 0.02796616	0 0 0 1	
0.8884741 0.0415436 -0.4570426 0.08992088	0.08152542 0.965767 0.2462673 -0.05711895	-0.4516275 0.2560627 -0.8546721 0.02872602	0 0 0 1	
0.8896847 0.04237169 -0.4546052 0.09078836	0.07985797 0.9658948 0.2463126 -0.05747977	-0.4495375 0.2554444 -0.8559581 0.02867534	0 0 0 1	
0.8909377 0.04316676 -0.4520694 0.09162638	0.07794815 0.966162 0.245876 -0.05784421	-0.4473859 0.2542982 -0.8574253 0.0285976	0 0 0 1	
0.8922239 0.04380347 -0.4494638 0.09241538	0.07578715 0.9666449 0.2446504 -0.05817321	-0.4451885 0.2523465 -0.859144 0.02849366	0 0 0 1	
0.8936117 0.0440395 -0.4466753 0.09313643	0.07373898 0.9672481 0.242886 -0.05845077	-0.4427424 0.2499831 -0.8610967 0.02839871	0 0 0 1	
0.8950782 0.04395083 -0.4437379 0.09380344	0.07191496 0.9678752 0.240927 -0.05871668	-0.4400719 0.2475599 -0.8631633 0.02832518	0 0 0 1	
0.8963842 0.04360184 -0.4411282 0.09441207	0.07036634 0.9685361 0.238718 -0.05840343	-0.4376572 0.2450236 -0.8651125 0.02866855	0 0 0 1	
0.8975639 0.04329505 -0.4387534 0.0950236	0.0691369 0.9690328 0.237056 -0.05865815	-0.4354298 0.243107 -0.8667756 0.0285633	0 0 0 1	
0.8987585 0.04295032 -0.4363354 0.09559543	0.06840707 0.969266 0.2363131 -0.05893825	-0.4330747 0.2422368 -0.8681979 0.02849204	0 0 0 1	
0.8998966 0.04252069 -0.4340255 0.09614233	0.06804698 0.9693548 0.2360527 -0.05922387	-0.4307618 0.2419571 -0.8694257 0.02843178	0 0 0 1	
0.9009924 0.04188491 -0.4318082 0.09666627	0.06786532 0.9694674 0.2356421 -0.05947571	-0.4284939 0.2416166 -0.8706403 0.0283816	0 0 0 1	
0.9021533 0.04102006 -0.429461 0.09716105	0.06773389 0.969656 0.234903 -0.05967262	-0.4260651 0.2410076 -0.8719999 0.02836835	0 0 0 1	
0.9032716 0.04010558 -0.4271908 0.09764444	0.06756286 0.9699067 0.2339149 -0.05982751	-0.4237165 0.2401509 -0.8733795 0.02836781	0 0 0 1	
0.9043157 0.03934934 -0.4250468 0.09803252	0.06722021 0.970191 0.2328324 -0.05934552	-0.4215384 0.2391257 -0.8747138 0.02857226	0 0 0 1	
0.9053345 0.03854713 -0.4229462 0.09852729	0.06728718 0.9702752 0.2324615 -0.05946878	-0.4193349 0.2389143 -0.8758299 0.02859504	0 0 0 1	
0.9064224 0.03789059 -0.4206693 0.09903285	0.06745563 0.9701979 0.2327355 -0.05961511	-0.4169509 0.2393332 -0.8768532 0.02865599	0 0 0 1	
0.9074818 0.03752415 -0.4184123 0.09955274	0.06739052 0.9701 0.233162 -0.05975895	-0.4146509 0.2397873 -0.8778193 0.02870681	0 0 0 1	
0.908761 0.03732467 -0.4156446 0.1000643	0.06686568 0.970101 0.233309 -0.05987068	-0.4119254 0.2398145 -0.8790941 0.02880315	0 0 0 1	
0.9102429 0.03717652 -0.4124025 0.1005986	0.0658878 0.9702681 0.2328916 -0.05935056	-0.4087991 0.2391603 -0.8807302 0.02926724	0 0 0 1	
0.9117138 0.03685992 -0.4091688 0.1011181	0.0649364 0.970517 0.2321208 -0.0593514	-0.4056613 0.2381977 -0.8824402 0.02940704	0 0 0 1	
0.9130654 0.03656824 -0.4061703 0.1016573	0.0638625 0.9708626 0.2309706 -0.05931335	-0.4027818 0.2368303 -0.8841257 0.0295224	0 0 0 1	
0.9143628 0.03648167 -0.4032489 0.1022075	0.06275089 0.9711312 0.2301446 -0.05927808	-0.4000036 0.2357399 -0.885677 0.02962969	0 0 0 1	
0.9158781 0.03657908 -0.3997866 0.1027569	0.06166364 0.9712047 0.2301282 -0.0592845	-0.3966925 0.2354217 -0.8872495 0.02980718	0 0 0 1	
0.9176531 0.03655987 -0.3956972 0.1033144	0.06076049 0.9711413 0.2306356 -0.0592995	-0.3927099 0.2356862 -0.8889494 0.0300672	0 0 0 1	
0.9194898 0.03652991 -0.3914129 0.1037671	0.05976831 0.9711074 0.2310369 -0.05894026	-0.3885437 0.2358302 -0.8907401 0.03075049	0 0 0 1	
0.9211669 0.03662426 -0.3874407 0.1043781	0.05874399 0.9710688 0.2314617 -0.05888778	-0.3847086 0.2359747 -0.892365 0.03101817	0 0 0 1	
0.92277 0.03718389 -0.383553 0.1049973	0.05729224 0.9710333 0.2319741 -0.05886161	-0.3810684 0.2360334 -0.8939101 0.03127656	0 0 0 1	
0.9241352 0.03811315 -0.3801599 0.1056181	0.0556353 0.9709821 0.2325909 -0.05884246	-0.3779932 0.2360958 -0.8951983 0.0314851	0 0 0 1	
0.9252706 0.03907276 -0.3772897 0.106235	0.05405501 0.9709449 0.233118 -0.0588061	-0.3754362 0.2360916 -0.8962747 0.0316499	0 0 0 1	
0.9261182 0.04000403 -0.3751064 0.1068589	0.05266648 0.9709112 0.2335757 -0.05875457	-0.373539 0.2360743 -0.8970717 0.031737	0 0 0 1	
0.9268782 0.04091376 -0.373126 0.1070106	0.05146373 0.9708035 0.2342904 -0.05876849	-0.3718177 0.2363611 -0.897711 0.03250112	0 0 0 1	
0.9276655 0.04182947 -0.371062 0.1075786	0.05032585 0.9706348 0.2352348 -0.05871665	-0.3700054 0.2368933 -0.8983193 0.03258377	0 0 0 1	
0.9285433 0.04265342 -0.3687655 0.1081038	0.04929743 0.9704111 0.2363729 -0.05867313	-0.3679362 0.2376616 -0.898966 0.03268066	0 0 0 1	
0.9293122 0.04322938 -0.3667562 0.1085967	0.04854963 0.9702039 0.2373759 -0.05859858	-0.3660899 0.2384022 -0.8995235 0.03273322	0 0 0 1	
0.9299576 0.04353814 -0.3650799 0.1090624	0.0480781 0.9700373 0.2381512 -0.05846844	-0.3645098 0.2390229 -0.9000003 0.03273501	0 0 0 1	
0.9306401 0.0439459 -0.3632874 0.1094869	0.04753945 0.9698304 0.2391005 -0.05834188	-0.3628346 0.239787 -0.9004739 0.03273144	0 0 0 1	
0.9314369 0.04462299 -0.3611566 0.1098663	0.04675191 0.969555 0.2403691 -0.05826881	-0.3608872 0.2407734 -0.9009931 0.03274971	0 0 0 1	
0.9321487 0.04604733 -0.3591357 0.1094677	0.0452227 0.9693069 0.2416588 -0.05810756	-0.3592405 0.241503 -0.9014558 0.03380908	0 0 0 1	
0.932521 0.04646514 -0.3581139 0.1097611	0.04462106 0.9692613 0.2419536 -0.05795485	-0.3583484 0.2416062 -0.9017832 0.03370805	0 0 0 1	
0.9327589 0.04701161 -0.3574223 0.1099749	0.04388914 0.9692768 0.2420253 -0.05780333	-0.3578191 0.2414382 -0.9020383 0.03355301	0 0 0 1	
0.9329123 0.04743293 -0.356966 0.1101118	0.04344888 0.9692182 0.2423392 -0.05765346	-0.3574728 0.241591 -0.9021347 0.0333631	0 0 0 1	
0.9330993 0.04748614 -0.3564699 0.1101583	0.04341753 0.9691172 0.2427484 -0.05748172	-0.3569883 0.2419854 -0.9022208 0.03318949	0 0 0 1	
0.9333202 0.0472604 -0.3559211 0.110112	0.04363368 0.969022 0.2430892 -0.05727621	-0.3563839 0.2424102 -0.9023457 0.033037	0 0 0 1	
0.9335996 0.04694111 -0.35523 0.1096901	0.04396706 0.9688829 0.2435832 -0.05707703	-0.3556103 0.2430276 -0.9024848 0.0330161	0 0 0 1	
0.9338089 0.046538 -0.3547326 0.109473	0.04440819 0.9687592 0.2439947 -0.05686826	-0.3550056 0.2435974 -0.9025693 0.03291088	0 0 0 1	
0.9337528 0.0462893 -0.3549126 0.1092042	0.04470982 0.9687497 0.2439775 -0.05665691	-0.3551151 0.2436827 -0.9025032 0.03274715	0 0 0 1	
0.9333997 0.04638587 -0.3558276 0.1088817	0.04473627 0.9688312 0.2436486 -0.05645115	-0.3560388 0.2433399 -0.9022317 0.03252005	0 0 0 1	
0.9328794 0.04656072 -0.3571666 0.1084895	0.04484398 0.9688807 0.2434321 -0.05625717	-0.3573862 0.2431096 -0.9017609 0.03228182	0 0 0 1	
0.9324881 0.04658904 -0.3581833 0.1075366	0.04532948 0.9687125 0.2440108 -0.05606177	-0.3583449 0.2437734 -0.9012011 0.03196239	0 0 0 1	
0.932124 0.04573238 -0.3592401 0.1069367	0.04689829 0.9683964 0.2449673 -0.05586473	-0.3590898 0.2451876 -0.9005207 0.03190799	0 0 0 1	
0.9315078 0.04552053 -0.3608616 0.1062289	0.04803856 0.9680488 0.2461176 -0.05572229	-0.3605351 0.2465957 -0.8995582 0.03181598	0 0 0 1	
0.9305887 0.04570133 -0.3632026 0.1054615	0.04885687 0.9677942 0.2469562 -0.05558429	-0.3627916 0.2475596 -0.8983855 0.03164442	0 0 0 1	
0.9293643 0.04641627 -0.3662342 0.1046266	0.04914808 0.9676759 0.2473619 -0.05545161	-0.3658776 0.247889 -0.8970422 0.03136659	0 0 0 1	
0.9281801 0.04721526 -0.3691239 0.103667	0.04911686 0.9676967 0.2472865 -0.05529972	-0.3688757 0.2476566 -0.8958777 0.0310919	0 0 0 1	
0.9273797 0.0472717 -0.3711231 0.1019257	0.04928834 0.9679013 0.2464502 -0.05496108	-0.3708606 0.2468449 -0.895282 0.03169942	0 0 0 1	
0.9266032 0.0466373 -0.3731373 0.1007086	0.04964333 0.9684235 0.2443184 -0.05463105	-0.3727493 0.24491 -0.8950291 0.03157816	0 0 0 1	
0.9256423 0.04626098 -0.3755614 0.09944202	0.0495878 0.9691101 0.2415918 -0.05427815	-0.3751366 0.2422509 -0.8947553 0.03138663	0 0 0 1	
0.9245021 0.04658008 -0.3783202 0.09813041	0.04913903 0.9696597 0.239469 -0.05396694	-0.3779964 0.2399799 -0.8941635 0.03113071	0 0 0 1	
0.9235333 0.04691716 -0.3806376 0.09675191	0.04898806 0.9699279 0.2384115 -0.05367729	-0.3803766 0.2388276 -0.8934624 0.03093877	0 0 0 1	
0.9231606 0.04673778 -0.3815628 0.09526747	0.0492063 0.9700492 0.2378724 -0.05338438	-0.3812523 0.2383697 -0.8932114 0.03094609	0 0 0 1	
0.9234361 0.04585618 -0.3810027 0.09373318	0.04974516 0.9701541 0.2373318 -0.05280693	-0.3805144 0.2381138 -0.8935942 0.0314886	0 0 0 1	
0.9241428 0.04418016 -0.3794842 0.09215595	0.05090063 0.9701977 0.2369083 -0.05243762	-0.3786413 0.2382531 -0.8943524 0.03183015	0 0 0 1	
0.9253001 0.04252487 -0.3768439 0.09056205	0.05192423 0.9701288 0.2369684 -0.05210629	-0.3756641 0.2388342 -0.8954522 0.03229187	0 0 0 1	
0.926322 0.04097704 -0.3744975 0.08897996	0.05297716 0.9700207 0.2371778 -0.05177538	-0.3729891 0.2395429 -0.8963807 0.03273128	0 0 0 1	
0.9270759 0.03931066 -0.372807 0.08739854	0.05437106 0.9698708 0.2374751 -0.05142466	-0.3709099 0.2404273 -0.8970065 0.03314491	0 0 0 1	
0.9276572 0.03736894 -0.3715585 0.08582663	0.05622526 0.9696614 0.2378979 -0.05107755	-0.369176 0.2415787 -0.8974123 0.03356321	0 0 0 1	
0.9284538 0.03493443 -0.3698016 0.08446498	0.05850703 0.9693862 0.2384685 -0.05050373	-0.3668113 0.243043 -0.8979864 0.03416019	0 0 0 1	
0.92974 0.03176733 -0.3668438 0.08291488	0.06115473 0.9691131 0.2389141 -0.05016819	-0.3631027 0.2445622 -0.8990805 0.03477861	0 0 0 1	
0.9314548 0.0281198 -0.3627689 0.0813499	0.0639227 0.9688565 0.2392299 -0.0498234	-0.3581981 0.246021 -0.9006485 0.03548816	0 0 0 1	
0.9336162 0.02410867 -0.3574628 0.07976568	0.06672722 0.9685755 0.2396017 -0.04948533	-0.3520061 0.2475486 -0.9026691 0.03628588	0 0 0 1	
0.9361691 0.02009702 -0.3509751 0.07819635	0.06912565 0.9683508 0.2398297 -0.04918448	-0.3446868 0.2487826 -0.9051509 0.03713519	0 0 0 1	
0.9388854 0.01632564 -0.3438425 0.07669759	0.07070477 0.9684308 0.2390453 -0.04891074	-0.3368903 0.2487474 -0.9080912 0.03796247	0 0 0 1	
0.9412745 0.01256183 -0.3374085 0.07507099	0.0719726 0.9688755 0.2368549 -0.04915846	-0.3298821 0.2472296 -0.9110737 0.03859403	0 0 0 1	
0.9431022 0.008590426 -0.332392 0.07383355	0.07371241 0.9693902 0.2341988 -0.04887356	-0.3242294 0.2453749 -0.9136008 0.03917099	0 0 0 1	
0.9446659 0.004840348 -0.3279983 0.07270639	0.07560512 0.9697585 0.2320609 -0.04864525	-0.3192023 0.2440183 -0.9157319 0.03970808	0 0 0 1	
0.9458637 0.001756016 -0.3245594 0.07172775	0.07735953 0.9699456 0.2306968 -0.04850436	-0.31521 0.2433155 -0.9173005 0.04018227	0 0 0 1	
0.9464398 -0.0004077256 -0.3228801 0.07095253	0.07882788 0.9700311 0.2298387 -0.04843995	-0.31311 0.2429804 -0.9181082 0.04052606	0 0 0 1	
0.9464296 -0.001564473 -0.3229064 0.0703884	0.07983144 0.9700804 0.2292837 -0.04844381	-0.3128864 0.242779 -0.9182377 0.04075514	0 0 0 1	
0.9459903 -0.002161697 -0.3241878 0.06957966	0.08073 0.9700484 0.2291044 -0.04864506	-0.3139825 0.2429022 -0.9178308 0.04178164	0 0 0 1	
0.9453308 -0.002211541 -0.3261055 0.06938069	0.08128871 0.9700109 0.2290655 -0.04872052	-0.3158193 0.2430513 -0.917161 0.04194293	0 0 0 1	
0.9448386 -0.00207692 -0.3275298 0.0693021	0.08157153 0.9699643 0.2291621 -0.04881418	-0.3172163 0.2432383 -0.9166291 0.04212145	0 0 0 1	
0.9448357 -0.002102818 -0.3275379 0.06927818	0.08171682 0.9698725 0.2294986 -0.04890235	-0.3171875 0.2436039 -0.9165421 0.04237398	0 0 0 1	
0.9455014 -0.002634723 -0.3256073 0.0692599	0.08198616 0.9696774 0.2302258 -0.0489706	-0.3151275 0.2443741 -0.9170474 0.042741	0 0 0 1	
0.9467577 -0.003621593 -0.3219268 0.06924351	0.08221553 0.969502 0.2308818 -0.04900239	-0.3112725 0.2450565 -0.9181812 0.04321061	0 0 0 1	
0.9483201 -0.005165663 -0.3172733 0.06819946	0.0825498 0.9694563 0.2309546 -0.04934219	-0.3063896 0.2452098 -0.9197813 0.04429671	0 0 0 1	
0.9499018 -0.006739102 -0.3124759 0.06827921	0.08262373 0.9696157 0.2302581 -0.04929111	-0.3014298 0.2445405 -0.9215965 0.0448588	0 0 0 1	
0.9514191 -0.008355781 -0.3077854 0.0684945	0.08286572 0.9696972 0.2298272 -0.04926442	-0.2965383 0.2441669 -0.9232809 0.04544124	0 0 0 1	
0.9529962 -0.009944692 -0.302819 0.06883805	0.08334742 0.9695052 0.2304622 -0.04929046	-0.2912927 0.2448688 -0.9247637 0.04610132	0 0 0 1	
0.9546874 -0.01123079 -0.2973984 0.06930868	0.08376005 0.9690341 0.2322866 -0.04936979	-0.2855805 0.2466712 -0.9260654 0.04685005	0 0 0 1	
0.9566823 -0.0124037 -0.2908697 0.06986979	0.08402459 0.9683405 0.2350669 -0.04947497	-0.2787452 0.2493246 -0.9274365 0.04774281	0 0 0 1	
0.9590871 -0.01386899 -0.2827713 0.0691821	0.08435199 0.9674351 0.2386507 -0.04958303	-0.270253 0.2527391 -0.9290243 0.0491936	0 0 0 1	
0.9615486 -0.01513731 -0.2742173 0.06983924	0.08429726 0.9665486 0.2422348 -0.0496995	-0.2613775 0.2560363 -0.9306595 0.0503406	0 0 0 1	
0.9637432 -0.01625585 -0.266336 0.07061343	0.08413514 0.9657383 0.245501 -0.04978169	-0.2532201 0.2590082 -0.9320914 0.05145581	0 0 0 1	
0.9654828 -0.01697478 -0.259913 0.07153077	0.08387017 0.9649878 0.2485246 -0.04984001	-0.2465943 0.2617452 -0.9331028 0.05247149	0 0 0 1	
0.9668375 -0.01727371 -0.2548074 0.07259409	0.08343168 0.9643332 0.2511986 -0.04989549	-0.2413801 0.2641273 -0.9337946 0.05339482	0 0 0 1	
0.9678165 -0.01702403 -0.2510804 0.07382618	0.08269718 0.9638162 0.2534155 -0.04994021	-0.2376812 0.2660234 -0.9342051 0.054196	0 0 0 1	
0.9685439 -0.0159271 -0.2483324 0.0752112	0.0813206 0.9634158 0.2553761 -0.05000382	-0.2351799 0.2675375 -0.9344057 0.05487038	0 0 0 1	
0.9692634 -0.0142798 -0.2456107 0.07597913	0.07948163 0.962957 0.2576753 -0.05009129	-0.232833 0.2692768 -0.9344939 0.05594295	0 0 0 1	
0.9700813 -0.01260932 -0.2424528 0.07741457	0.07746557 0.9625259 0.2598902 -0.05022	-0.2300901 0.2708964 -0.9347051 0.05654579	0 0 0 1	
0.970885 -0.01158993 -0.2392656 0.07881474	0.07594907 0.9621902 0.2615758 -0.05027698	-0.2271874 0.272132 -0.9350562 0.0571018	0 0 0 1	
0.9716391 -0.01124661 -0.2362012 0.08016641	0.07495087 0.9620132 0.2625127 -0.05024805	-0.2242763 0.2727711 -0.9355726 0.05761624	0 0 0 1	
0.9721936 -0.01129725 -0.2339059 0.08152185	0.0744437 0.9619321 0.262954 -0.05016172	-0.222031 0.273055 -0.9360252 0.05803398	0 0 0 1	
0.9727075 -0.01123104 -0.231763 0.082893	0.07381804 0.9619129 0.2632002 -0.05009441	-0.2199798 0.2731251 -0.9364889 0.0583916	0 0 0 1	
0.9734136 -0.01097506 -0.2287915 0.08317398	0.07275619 0.9619381 0.2634038 -0.04974939	-0.2171924 0.2730468 -0.9371622 0.0590028	0 0 0 1	
0.9742591 -0.01041259 -0.2251907 0.08446607	0.07129325 0.961894 0.2639643 -0.04973625	-0.213861 0.2732242 -0.9378763 0.05939475	0 0 0 1	
0.9751829 -0.009851214 -0.2211816 0.08573623	0.06973794 0.9618241 0.2646338 -0.04972576	-0.2101308 0.2734911 -0.9386414 0.05980808	0 0 0 1	
0.9758912 -0.009175988 -0.2180648 0.08705492	0.06825062 0.9618398 0.2649642 -0.04967787	-0.207312 0.2734593 -0.9392772 0.06012747	0 0 0 1	
0.9763809 -0.00848598 -0.2158897 0.08842234	0.06697779 0.9618908 0.2651041 -0.04960733	-0.2054126 0.2733024 -0.9397401 0.06037013	0 0 0 1	
0.9767758 -0.007742519 -0.2141242 0.0890502	0.06586421 0.9618098 0.2656764 -0.04988945	-0.2038897 0.2736094 -0.9399824 0.06168981	0 0 0 1	
0.9771427 -0.006437538 -0.212487 0.09047052	0.0643549 0.9615982 0.2668097 -0.04994125	-0.2026095 0.2743858 -0.9400329 0.0619489	0 0 0 1	
0.9776822 -0.004747691 -0.2100358 0.0918773	0.06237191 0.9612294 0.2686032 -0.05007872	-0.2006173 0.2757089 -0.940073 0.06227595	0 0 0 1	
0.9782823 -0.002614891 -0.2072606 0.09330238	0.05987617 0.9608572 0.2704964 -0.0502781	-0.1984405 0.2770318 -0.9401461 0.06259967	0 0 0 1	
0.9788399 -0.0003178306 -0.2046275 0.09474488	0.05714393 0.9606395 0.2718571 -0.05047327	-0.1964868 0.2777978 -0.9403304 0.06286658	0 0 0 1	
0.9793426 0.00170726 -0.2022009 0.09615786	0.0546552 0.9605092 0.2728277 -0.05063814	-0.1946816 0.2782431 -0.9405742 0.06308823	0 0 0 1	
0.9798259 0.003127018 -0.1998285 0.09675834	0.05277788 0.960333 0.2738155 -0.05086723	-0.1927581 0.278838 -0.9407942 0.06467576	0 0 0 1	
0.9800743 0.00455155 -0.1985791 0.0981256	0.05113196 0.9602643 0.2743683 -0.05097308	-0.1919373 0.279055 -0.9408976 0.06481908	0 0 0 1	
0.9802846 0.006164258 -0.1974947 0.09950475	0.04935175 0.9601961 0.2749322 -0.0511083	-0.1913284 0.2792585 -0.9409612 0.06490327	0 0 0 1	
0.9806597 0.007863214 -0.1955628 0.1008205	0.04730053 0.9600526 0.2757928 -0.05131987	-0.1899192 0.2797092 -0.9411129 0.06503642	0 0 0 1	
0.9811519 0.009185685 -0.1930194 0.1020406	0.04544366 0.9598874 0.2766787 -0.05153982	-0.1878184 0.2802354 -0.9413779 0.06521573	0 0 0 1	
0.9815552 0.01001251 -0.1909165 0.1032089	0.04411227 0.9598191 0.2771308 -0.05168311	-0.18602 0.2804409 -0.9416738 0.06533287	0 0 0 1	
0.9818304 0.01056651 -0.1894663 0.1034656	0.04308178 0.959964 0.2767904 -0.05086084	-0.1848056 0.2799238 -0.9420667 0.06782788	0 0 0 1	
0.9819408 0.01129141 -0.1888511 0.1046214	0.04202355 0.9602622 0.2759176 -0.05083282	-0.1844621 0.2788709 -0.9424461 0.06777546	0 0 0 1	
0.9821385 0.01233576 -0.1877548 0.1057361	0.0405329 0.9605506 0.2751356 -0.05083936	-0.183742 0.2778315 -0.9428937 0.06774481	0 0 0 1	
0.9825143 0.01364012 -0.185687 0.1067758	0.03858505 0.960745 0.2747367 -0.05091302	-0.1821453 0.2770974 -0.9434193 0.06781156	0 0 0 1	
0.9828873 0.0149021 -0.1836043 0.1077894	0.0367343 0.9608464 0.2746358 -0.05101287	-0.1805082 0.2766806 -0.9438562 0.06787577	0 0 0 1	
0.9832673 0.01570595 -0.1814903 0.1087504	0.03539687 0.9608156 0.2749189 -0.05112785	-0.1786966 0.276743 -0.9441826 0.0679572	0 0 0 1	
0.9836312 0.01564942 -0.1795126 0.1092554	0.03490766 0.9608003 0.2750349 -0.0509233	-0.1767799 0.2767993 -0.9445269 0.06756677	0 0 0 1	
0.9838821 0.01505904 -0.178183 0.1100613	0.03508579 0.9608215 0.2749383 -0.05085876	-0.1753424 0.2767586 -0.9448068 0.06759439	0 0 0 1	
0.9841095 0.0140437 -0.1770063 0.1108029	0.03576517 0.9607582 0.2750718 -0.05075726	-0.1739233 0.2770315 -0.944989 0.06763504	0 0 0 1	
0.9843663 0.01315464 -0.1756415 0.1115059	0.03637252 0.9605309 0.2757851 -0.05070214	-0.172337 0.2778621 -0.9450358 0.06770301	0 0 0 1	
0.9846535 0.01266694 -0.1740602 0.1121917	0.03658323 0.9602226 0.2768288 -0.0507006	-0.1706432 0.2789481 -0.9450232 0.06778058	0 0 0 1	
0.9849226 0.01243476 -0.1725478 0.1128641	0.03654415 0.9599501 0.2777776 -0.05069705	-0.1690914 0.279895 -0.9450222 0.06783582	0 0 0 1	
0.9851798 0.01229313 -0.1710838 0.1132437	0.03636935 0.9597776 0.2783958 -0.05144064	-0.1676248 0.2804921 -0.9451064 0.06946709	0 0 0 1	
0.9853551 0.01245409 -0.1700596 0.1138816	0.03589731 0.9598269 0.2782869 -0.0513726	-0.1666936 0.2803161 -0.9453233 0.06953496	0 0 0 1	
0.9854763 0.01293154 -0.1693199 0.1145167	0.0351678 0.9599378 0.2779976 -0.05131469	-0.1661315 0.2799146 -0.9455412 0.06956166	0 0 0 1	
0.9855237 0.0136534 -0.1689871 0.1151658	0.03435065 0.9599972 0.2778947 -0.05130836	-0.1660213 0.2796766 -0.945631 0.06953073	0 0 0 1	
0.9855273 0.01402521 -0.1689354 0.1157956	0.03402682 0.9599209 0.2781978 -0.0513231	-0.1660664 0.2799199 -0.945551 0.06948116	0 0 0 1	
0.9855842 0.01359688 -0.1686384 0.1163462	0.03451547 0.9596431 0.2790945 -0.05132084	-0.1656275 0.2808918 -0.9453398 0.06949662	0 0 0 1	
0.9857735 0.0125727 -0.1676083 0.1157986	0.03549417 0.9591381 0.2807032 -0.05226444	-0.1642887 0.2826589 -0.9450467 0.0720313	0 0 0 1	
0.9859612 0.01201546 -0.1665417 0.1162295	0.03589248 0.9588403 0.2816682 -0.05231628	-0.1630713 0.2836915 -0.9449481 0.07223459	0 0 0 1	
0.9860544 0.01208988 -0.1659838 0.1167222	0.03572767 0.9587262 0.2820775 -0.05236904	-0.1625433 0.284074 -0.9449242 0.07232095	0 0 0 1	
0.9861116 0.01269294 -0.1655981 0.117243	0.03503523 0.9587404 0.2821161 -0.05242865	-0.1623465 0.2839997 -0.9449803 0.07233524	0 0 0 1	
0.9862121 0.01347475 -0.1649365 0.1177424	0.03404587 0.9588379 0.2819057 -0.052477	-0.161946 0.2836342 -0.9451588 0.07234438	0 0 0 1	
0.9863169 0.01409574 -0.1642566 0.1182213	0.03317082 0.9589941 0.2814782 -0.05248677	-0.1614888 0.2830752 -0.9454045 0.07233238	0 0 0 1	
0.9865029 0.01412373 -0.1631332 0.1171597	0.03272655 0.9591651 0.2809471 -0.05096217	-0.1604397 0.2824939 -0.945757 0.07239749	0 0 0 1	
0.9866573 0.01386068 -0.16222 0.1174981	0.03266926 0.9592501 0.2806635 -0.05080784	-0.1594997 0.2822182 -0.9459983 0.07240897	0 0 0 1	
0.9867953 0.01351252 -0.1614077 0.1178269	0.03282041 0.9591607 0.2809514 -0.05068512	-0.1586122 0.2825389 -0.9460517 0.07243471	0 0 0 1	
0.9869481 0.013336 -0.1604857 0.118141	0.0328762 0.9588915 0.2818624 -0.05063195	-0.1576473 0.2834597 -0.9459376 0.07249787	0 0 0 1	
0.9870653 0.01349668 -0.1597495 0.1184676	0.03267654 0.9585952 0.2828912 -0.05061162	-0.1569532 0.2844521 -0.9457551 0.07254414	0 0 0 1	
0.9871125 0.0139783 -0.1594161 0.1188131	0.03221534 0.9584256 0.283518 -0.05057488	-0.1567516 0.2849999 -0.9456236 0.0725345	0 0 0 1	
0.987092 0.01424432 -0.1595195 0.1191479	0.03203671 0.9583435 0.2838158 -0.05047185	-0.1569172 0.2852628 -0.9455169 0.07249084	0 0 0 1	
0.9871054 0.01393048 -0.1594645 0.1179851	0.03235032 0.9582883 0.2839665 -0.04844995	-0.1567688 0.2854636 -0.9454809 0.07093856	0 0 0 1	
0.9870422 0.0136211 -0.1598814 0.1182073	0.03287677 0.9580849 0.2845918 -0.04819546	-0.1570564 0.2861605 -0.9452224 0.07084628	0 0 0 1	
0.9869547 0.01341076 -0.1604388 0.1184181	0.03343164 0.9577319 0.285713 -0.04795875	-0.157489 0.2873495 -0.9447896 0.07075721	0 0 0 1	
0.9869081 0.01344283 -0.1607222 0.1186016	0.03375967 0.9572268 0.2873625 -0.04777173	-0.1577105 0.2890263 -0.944241 0.07070733	0 0 0 1	
0.9869019 0.01362661 -0.1607451 0.1187565	0.03388917 0.9566797 0.2891633 -0.04760545	-0.1577219 0.2908233 -0.9436872 0.07067716	0 0 0 1	
0.9869617 0.01370888 -0.1603707 0.1181681	0.03401441 0.956099 0.291063 -0.04739714	-0.1573204 0.292723 -0.9431668 0.07131516	0 0 0 1	
0.986988 0.01353696 -0.1602231 0.118273	0.03438605 0.9556286 0.2925604 -0.04717478	-0.1570741 0.2942631 -0.9427285 0.07128187	0 0 0 1	
0.9870108 0.01316928 -0.1601134 0.1183601	0.03494498 0.9551728 0.2939793 -0.04692376	-0.1568075 0.2957558 -0.9423056 0.07123257	0 0 0 1	
0.9870284 0.01287508 -0.1600289 0.1184429	0.03543678 0.9547226 0.2953794 -0.04666611	-0.1565863 0.2972187 -0.941882 0.07115459	0 0 0 1	
0.9870772 0.01272226 -0.1597394 0.1185107	0.03573858 0.9542582 0.2968401 -0.04642199	-0.1562091 0.298713 -0.9414719 0.07107888	0 0 0 1	
0.9871824 0.01251724 -0.1591042 0.1185485	0.03599418 0.9537723 0.2983668 -0.04618643	-0.1554839 0.3002693 -0.9410967 0.07104561	0 0 0 1	
0.9872528 0.01223985 -0.1586885 0.1182954	0.03633731 0.9533723 0.2996011 -0.04585798	-0.1549563 0.3015484 -0.9407747 0.07041657	0 0 0 1	
0.9872132 0.01236457 -0.1589252 0.1183713	0.03646448 0.9530348 0.3006577 -0.04561229	-0.1551788 0.3026083 -0.9403976 0.07025372	0 0 0 1	
0.9871212 0.01274164 -0.1594662 0.1184614	0.03639875 0.952789 0.3014437 -0.04537227	-0.1557785 0.3033658 -0.9400544 0.07003646	0 0 0 1	
0.9870077 0.01312673 -0.160136 0.1185525	0.03635269 0.9525682 0.3021462 -0.04513856	-0.1565067 0.304042 -0.9397149 0.06978317	0 0 0 1	
0.9869568 0.01331274 -0.1604337 0.1185944	0.0364416 0.9522307 0.3031974 -0.04493458	-0.1568063 0.3050892 -0.9393255 0.06956491	0 0 0 1	
0.9870473 0.01300926 -0.1599015 0.118525	0.03680099 0.9517689 0.3046009 -0.04472413	-0.1561519 0.30654 -0.9389621 0.06945252	0 0 0 1	
0.9872543 0.01243764 -0.1586638 0.118191	0.03716651 0.9513578 0.3058381 -0.04496648	-0.15475 0.307837 -0.9387699 0.06974421	0 0 0 1	
0.9873784 0.01184104 -0.1579356 0.11806	0.03758175 0.9512032 0.3062682 -0.04466463	-0.1538554 0.308338 -0.9387525 0.06965067	0 0 0 1	
0.9873592 0.01141468 -0.1580873 0.1179774	0.03804218 0.9511815 0.3062784 -0.04431498	-0.1538658 0.3084208 -0.9387236 0.06944042	0 0 0 1	
0.9873164 0.01115824 -0.1583726 0.1178986	0.03842368 0.9510795 0.3065473 -0.0439928	-0.1540455 0.3087445 -0.9385877 0.06922948	0 0 0 1	
0.9873234 0.01100315 -0.1583396 0.1178052	0.03867913 0.95084 0.3072576 -0.04373129	-0.1539364 0.309487 -0.938361 0.06907967	0 0 0 1	
0.9873402 0.01091522 -0.1582408 0.1177185	0.03890835 0.9504832 0.3083307 -0.04351998	-0.1537708 0.3105842 -0.9380256 0.06894677	0 0 0 1	
0.9873962 0.01085651 -0.1578953 0.1176135	0.03907289 0.9500427 0.3096645 -0.04334681	-0.1533691 0.311931 -0.9376444 0.06885198	0 0 0 1	
0.9874535 0.01082199 -0.1575391 0.1170839	0.03919096 0.9496398 0.3108832 -0.04334404	-0.1529697 0.3131568 -0.937301 0.06970781	0 0 0 1	
0.987375 0.01096709 -0.1580203 0.1170185	0.03932955 0.9493868 0.3116374 -0.04317174	-0.1534401 0.3139178 -0.9369694 0.06952222	0 0 0 1	
0.9872069 0.01134979 -0.1590398 0.1169919	0.03936997 0.9492259 0.3121221 -0.04300873	-0.1545072 0.3143905 -0.9366356 0.06924558	0 0 0 1	
0.9870583 0.01166131 -0.159937 0.1169488	0.03949659 0.9489498 0.3129447 -0.04288275	-0.1554215 0.3152116 -0.9362082 0.06896619	0 0 0 1	
0.9870178 0.01179692 -0.160177 0.1168538	0.03966188 0.9485096 0.3142553 -0.0428168	-0.1556367 0.3165285 -0.935728 0.0687465	0 0 0 1	
0.9870863 0.01187246 -0.1597488 0.1164735	0.03968889 0.9480305 0.3156944 -0.04297109	-0.1551948 0.3179579 -0.9353167 0.07003129	0 0 0 1	
0.9871542 0.01188645 -0.1593277 0.1163436	0.03968874 0.9477267 0.3166054 -0.04292328	-0.1547625 0.3188618 -0.9350806 0.06982902	0 0 0 1	
0.9871467 0.01222652 -0.1593485 0.1162641	0.03936552 0.9477473 0.316584 -0.04283337	-0.1548928 0.3187877 -0.9350843 0.0694989	0 0 0 1	
0.9870808 0.01295863 -0.1596983 0.1162307	0.03865381 0.9480239 0.3158426 -0.04273405	-0.1554907 0.3179351 -0.9352753 0.06906132	0 0 0 1	
0.9870347 0.01382141 -0.159911 0.1161895	0.03772308 0.9484034 0.3148143 -0.04265261	-0.1560113 0.316765 -0.9355856 0.06860692	0 0 0 1	
0.9870103 0.01435816 -0.1600141 0.1161142	0.03709891 0.9487096 0.3139645 -0.04257191	-0.1563149 0.3158225 -0.9358535 0.06817293	0 0 0 1	
0.9870467 0.01432432 -0.1597923 0.1164849	0.03695967 0.948913 0.3133658 -0.04168768	-0.1561178 0.3152126 -0.936092 0.06145846	0 0 0 1	
0.9871054 0.01418992 -0.1594413 0.1163445	0.037023 0.9488156 0.3136529 -0.04168263	-0.1557311 0.3155115 -0.9360557 0.06104435	0 0 0 1	
0.9871243 0.01395556 -0.1593453 0.1162161	0.03729755 0.9486449 0.3141365 -0.0416918	-0.1555461 0.316035 -0.9359099 0.06062409	0 0 0 1	
0.9870923 0.01401864 -0.1595379 0.1161237	0.03738897 0.948463 0.3146746 -0.04174121	-0.1557271 0.3165778 -0.9356963 0.06016846	0 0 0 1	
0.9870246 0.01435866 -0.1599258 0.1160599	0.03726898 0.9483073 0.3151576 -0.04182086	-0.156184 0.3170286 -0.9354675 0.05967265	0 0 0 1	
0.9869915 0.01453322 -0.1601145 0.1159841	0.03723511 0.9481646 0.3155906 -0.0418954	-0.1564014 0.3174471 -0.9352892 0.05919694	0 0 0 1	
0.9869789 0.01472794 -0.1601741 0.1158302	0.03716798 0.9479672 0.316191 -0.04318035	-0.1564967 0.3180271 -0.9350762 0.05867986	0 0 0 1	
0.9869381 0.01488156 -0.160411 0.1157786	0.03704273 0.9480816 0.3158624 -0.04322974	-0.1567833 0.3176787 -0.9351466 0.05821348	0 0 0 1	
0.9868827 0.01506228 -0.1607345 0.1157425	0.03688326 0.9482689 0.3153185 -0.04328629	-0.1571689 0.3171108 -0.9352747 0.0577026	0 0 0 1	
0.9868625 0.01500585 -0.1608638 0.115685	0.03686498 0.948496 0.3146368 -0.04332996	-0.1573001 0.3164335 -0.935482 0.05719643	0 0 0 1	
0.9868367 0.01472074 -0.1610484 0.1156134	0.03704617 0.9487898 0.3137282 -0.04333049	-0.1574194 0.3155648 -0.9357553 0.05666862	0 0 0 1	
0.9867526 0.01430795 -0.1616003 0.1155538	0.03745189 0.9491069 0.3127193 -0.04330431	-0.1578503 0.3146288 -0.9359978 0.05608452	0 0 0 1	
0.9865594 0.01416264 -0.1627882 0.1154563	0.03781519 0.9494037 0.3117733 -0.0418243	-0.1589672 0.3137387 -0.9361076 0.0586845	0 0 0 1	
0.9862103 0.01405829 -0.1648989 0.1154685	0.03830001 0.9499492 0.3100478 -0.04168516	-0.1610043 0.3120879 -0.9363112 0.0578977	0 0 0 1	
0.9857577 0.01418936 -0.1675721 0.1155134	0.03862731 0.9506896 0.3077293 -0.04149002	-0.1636755 0.3098194 -0.9366015 0.05703548	0 0 0 1	
0.9851226 0.01496657 -0.1712003 0.1156277	0.0384678 0.9517184 0.3045524 -0.04126463	-0.1674926 0.3066072 -0.9369836 0.05602153	0 0 0 1	
0.9842469 0.01631162 -0.1760453 0.115807	0.03799555 0.9529538 0.300725 -0.0410107	-0.1726684 0.3026765 -0.937322 0.05483231	0 0 0 1	
0.9833134 0.01765563 -0.181061 0.1159744	0.03756389 0.9541252 0.2970423 -0.04075463	-0.1779993 0.298887 -0.9375408 0.05364414	0 0 0 1	
0.9824457 0.01912555 -0.185566 0.1160595	0.03702367 0.9549531 0.2944383 -0.04092242	-0.1828381 0.29614 -0.9374814 0.05389646	0 0 0 1	
0.9818601 0.02009082 -0.1885394 0.1161316	0.03686836 0.9551611 0.2937824 -0.04089208	-0.1859878 0.2954043 -0.9370939 0.05313257	0 0 0 1	
0.981703 0.02047114 -0.1893151 0.1160889	0.03696889 0.9547976 0.2949489 -0.04096957	-0.1867955 0.296551 -0.9365709 0.05270412	0 0 0 1	
0.9817724 0.02032917 -0.1889699 0.1159891	0.03738185 0.9541879 0.2968637 -0.04107212	-0.1863478 0.2985166 -0.9360354 0.05244113	0 0 0 1	
0.98181 0.01960116 -0.1888514 0.1158724	0.03837757 0.9536381 0.2984986 -0.04110863	-0.1859468 0.3003166 -0.9355392 0.05216343	0 0 0 1	
0.9817396 0.01850906 -0.1893273 0.1157411	0.03976711 0.953297 0.2994052 -0.04106466	-0.1860268 0.3014669 -0.9351533 0.05182078	0 0 0 1	
0.9815789 0.01756415 -0.1902483 0.1156171	0.04101831 0.9531728 0.2996316 -0.04098253	-0.1866022 0.3019157 -0.9348938 0.05141346	0 0 0 1	
0.9813768 0.0169592 -0.1913427 0.1151546	0.04194506 0.9531389 0.299611 -0.04081903	-0.1874573 0.3020572 -0.9346771 0.05275423	0 0 0 1	
0.9811902 0.01636911 -0.1923482 0.115074	0.04285423 0.9530668 0.2997117 -0.04077745	-0.1882267 0.3023171 -0.9344383 0.05236809	0 0 0 1	
0.9811777 0.01561841 -0.1924744 0.1149579	0.04375244 0.9528238 0.3003542 -0.04076713	-0.1880853 0.3031221 -0.9342061 0.05211042	0 0 0 1	
0.9813261 0.01471062 -0.1917881 0.1147974	0.04458063 0.9525285 0.3011679 -0.04073945	-0.187114 0.3040939 -0.9340852 0.05196793	0 0 0 1	
0.9814827 0.01394489 -0.1910426 0.1146523	0.04515149 0.9524012 0.3014853 -0.04066944	-0.1861534 0.3045284 -0.9341356 0.05182584	0 0 0 1	
0.9815745 0.01348447 -0.1906033 0.1140792	0.04540112 0.9524819 0.3011927 -0.04003801	-0.1856076 0.3042966 -0.9343197 0.0518799	0 0 0 1	
0.9815716 0.01359488 -0.1906105 0.1140318	0.04520063 0.9526435 0.3007113 -0.03994723	-0.1856719 0.3037854 -0.9344733 0.05161563	0 0 0 1	
0.9815592 0.01384317 -0.1906564 0.1140035	0.04497108 0.9526592 0.3006959 -0.03989029	-0.1857932 0.3037249 -0.9344689 0.05137148	0 0 0 1	
0.9816418 0.01396124 -0.1902223 0.1139591	0.04485022 0.9524568 0.3013544 -0.03987936	-0.1853858 0.3043536 -0.9343452 0.05122442	0 0 0 1	
0.9817439 0.01379233 -0.1897067 0.1139008	0.04504322 0.95214 0.3023254 -0.03985346	-0.1847971 0.3053511 -0.9341364 0.05111737	0 0 0 1	
0.9818515 0.01342742 -0.1891753 0.1138333	0.04543441 0.9517894 0.3033689 -0.0397963	-0.1841285 0.3064583 -0.9339058 0.05102525	0 0 0 1	
0.9819759 0.01312052 -0.1885502 0.1137672	0.04573917 0.9514396 0.3044184 -0.03974145	-0.1833882 0.3075557 -0.9336907 0.05093516	0 0 0 1	
0.9821689 0.01270005 -0.1875712 0.1133729	0.04609519 0.9509935 0.3057556 -0.04016235	-0.1822621 0.3089498 -0.9334509 0.0515167	0 0 0 1	
0.9823371 0.01218786 -0.1867227 0.1132809	0.04654372 0.9505992 0.3069118 -0.04011466	-0.1812391 0.3101816 -0.9332415 0.05151029	0 0 0 1	
0.9824635 0.01190105 -0.1860749 0.1132108	0.04678131 0.950306 0.3077824 -0.04005438	-0.1804911 0.3110898 -0.9330842 0.05147697	0 0 0 1	
0.9825176 0.01204033 -0.18578 0.1131786	0.04666414 0.9501227 0.3083655 -0.03999075	-0.1802266 0.3116438 -0.9329504 0.05138506	0 0 0 1	
0.9826007 0.01242037 -0.1853149 0.1131471	0.0462156 0.9500282 0.3087241 -0.0399282	-0.1798889 0.3119169 -0.9329243 0.05130374	0 0 0 1	
0.9827785 0.01288221 -0.1843377 0.1138349	0.04564478 0.9497311 0.3097216 -0.04082578	-0.1790611 0.3128017 -0.9327873 0.05417247	0 0 0 1	
0.9829801 0.01242867 -0.183291 0.1137576	0.04596116 0.9493436 0.3108608 -0.04075667	-0.1778697 0.3139943 -0.9326146 0.05440337	0 0 0 1	
0.9831622 0.01146713 -0.1823747 0.113649	0.04698306 0.9486146 0.3129263 -0.04069963	-0.1765917 0.3162259 -0.9321033 0.05471021	0 0 0 1	
0.9832458 0.01061803 -0.1819752 0.1135662	0.04816818 0.947683 0.3155578 -0.04069355	-0.1758054 0.3190362 -0.9312939 0.05501227	0 0 0 1	
0.9831669 0.01022056 -0.1824238 0.1135404	0.04920412 0.9467371 0.3182263 -0.04073248	-0.1759598 0.3218455 -0.9302976 0.05523245	0 0 0 1	
0.9829365 0.009931374 -0.1836769 0.1135447	0.05044148 0.9457115 0.3210692 -0.040796	-0.176894 0.3248555 -0.9290734 0.05538362	0 0 0 1	
0.9826939 0.009350142 -0.1850007 0.1135166	0.05205498 0.9445395 0.3242458 -0.04087079	-0.1777722 0.3282646 -0.9277065 0.05556913	0 0 0 1	
0.9825124 0.008407392 -0.1860072 0.113375	0.05397337 0.9432294 0.3277272 -0.04004135	-0.1782028 0.3320355 -0.9262809 0.05650827	0 0 0 1	
0.9824557 0.007477142 -0.1863463 0.1132233	0.05553976 0.9421284 0.3306198 -0.0400527	-0.1780342 0.3351689 -0.9251841 0.05682736	0 0 0 1	
0.9823465 0.006475236 -0.1869582 0.1130702	0.05714417 0.9412446 0.332856 -0.04002201	-0.1781287 0.3376636 -0.9242584 0.05708281	0 0 0 1	
0.9821885 0.005475376 -0.1878183 0.1129187	0.05869452 0.9406152 0.334362 -0.03993077	-0.1784955 0.3394304 -0.9235401 0.05727266	0 0 0 1	
0.982086 0.004630323 -0.1883763 0.1127547	0.05982744 0.9403101 0.3350189 -0.03978662	-0.1786834 0.3402875 -0.9231883 0.05744921	0 0 0 1	
0.9819847 0.004253659 -0.1889127 0.1123809	0.06033186 0.9403615 0.334784 -0.03920439	-0.1790703 0.3401502 -0.923164 0.05756342	0 0 0 1	
0.9817021 0.004047478 -0.1903803 0.1123323	0.06087491 0.9406402 0.3339015 -0.03899342	-0.1804308 0.3393812 -0.9231821 0.05753356	0 0 0 1	
0.9814616 0.003881015 -0.1916194 0.1122884	0.06140577 0.9407235 0.3335695 -0.03883591	-0.1815554 0.3391522 -0.9230458 0.05754808	0 0 0 1	
0.9813734 0.003771514 -0.1920728 0.1122175	0.06179124 0.9404808 0.3341822 -0.03876903	-0.1819012 0.3398259 -0.9227298 0.0576839	0 0 0 1	
0.9812771 0.00378143 -0.1925641 0.1121541	0.06209886 0.9402019 0.3349092 -0.0387362	-0.1823156 0.3405968 -0.9223638 0.05782007	0 0 0 1	
0.9809943 0.003749205 -0.1940004 0.1121235	0.06271601 0.9400215 0.3353002 -0.03867517	-0.1836217 0.3410945 -0.9219206 0.0578482	0 0 0 1	
0.9806607 0.003427977 -0.1956854 0.1120165	0.06357292 0.9400504 0.3350579 -0.03816412	-0.1851027 0.3410184 -0.9216526 0.05680069	0 0 0 1	
0.980341 0.003020529 -0.1972878 0.111979	0.06454101 0.9399689 0.3351013 -0.03806625	-0.1864566 0.3412466 -0.9212951 0.05678738	0 0 0 1	
0.9801972 0.002695456 -0.1980056 0.111908	0.06521779 0.9397287 0.3356436 -0.03805336	-0.1869762 0.3419103 -0.9209436 0.05687129	0 0 0 1	
0.980178 0.002512123 -0.198103 0.1118174	0.06560288 0.9393942 0.3365037 -0.03811543	-0.1869421 0.3428296 -0.9206088 0.05701094	0 0 0 1	
0.9801875 0.002187289 -0.1980596 0.1117101	0.06599654 0.9391938 0.3369858 -0.03815737	-0.1867535 0.3433805 -0.9204417 0.05715204	0 0 0 1	
0.9801314 0.001697384 -0.1983421 0.1116096	0.06658252 0.9391249 0.3370625 -0.03816309	-0.1868401 0.3435716 -0.9203528 0.05724465	0 0 0 1	
0.9801015 0.00138275 -0.1984923 0.1110138	0.06694922 0.9390786 0.337119 -0.03755994	-0.186866 0.3436998 -0.9202997 0.05758573	0 0 0 1	
0.9800876 0.0009501539 -0.1985632 0.1109035	0.06743491 0.9389627 0.337345 -0.03757806	-0.1867639 0.3440177 -0.9202017 0.05769966	0 0 0 1	
0.9800869 0.0004487783 -0.1985684 0.1107876	0.06799272 0.9387884 0.3377178 -0.03759996	-0.1865653 0.344494 -0.9200637 0.05783918	0 0 0 1	
0.9800631 -0.000213515 -0.1986862 0.11067	0.06873553 0.9386168 0.3380444 -0.03760209	-0.186418 0.3449616 -0.9199184 0.05799137	0 0 0 1	
0.9800209 -0.0009620897 -0.198892 0.1105549	0.06954052 0.9385324 0.3381142 -0.03756004	-0.1863413 0.34519 -0.9198482 0.05815544	0 0 0 1	
0.9799221 -0.001644697 -0.1993742 0.1104659	0.07037377 0.9384592 0.3381447 -0.03749834	-0.1865484 0.3453862 -0.9197326 0.05831286	0 0 0 1	
0.9798152 -0.002105609 -0.1998941 0.1105344	0.07101327 0.9383914 0.3381991 -0.03722676	-0.1868668 0.3455678 -0.9195998 0.05671015	0 0 0 1	
0.9796717 -0.002667896 -0.2005897 0.1104911	0.07190885 0.9381344 0.3387224 -0.03716321	-0.1872764 0.3462609 -0.9192556 0.05683097	0 0 0 1	
0.9796019 -0.003091011 -0.2009242 0.1104637	0.07256609 0.937851 0.3393667 -0.03711054	-0.187388 0.3470245 -0.9189449 0.05700473	0 0 0 1	
0.9795536 -0.003280781 -0.2011564 0.110482	0.07296921 0.9375757 0.3400402 -0.03707642	-0.1874838 0.3477659 -0.918645 0.05717476	0 0 0 1	
0.9794788 -0.003435064 -0.2015181 0.1105384	0.07339327 0.9372844 0.3407512 -0.0370471	-0.1877093 0.3485487 -0.9183023 0.05731505	0 0 0 1	
0.9794502 -0.003774729 -0.201651 0.1105883	0.07390417 0.9369993 0.3414243 -0.03699289	-0.1876581 0.3493109 -0.918023 0.05747716	0 0 0 1	
0.9793964 -0.004253678 -0.2019025 0.1106602	0.07447496 0.9369166 0.3415271 -0.03654764	-0.187713 0.3495272 -0.9179295 0.05818501	0 0 0 1	
0.9793724 -0.004810259 -0.2020061 0.1107536	0.07510363 0.9367621 0.3418131 -0.03645729	-0.1875875 0.3499337 -0.9178002 0.05832929	0 0 0 1	
0.9794141 -0.005287021 -0.2017921 0.1108659	0.07556929 0.9365676 0.3422431 -0.03639099	-0.1871825 0.3504471 -0.9176871 0.0584955	0 0 0 1	
0.9795243 -0.005651198 -0.2012466 0.1109936	0.07584559 0.9363162 0.3428694 -0.03635587	-0.1864928 0.3511126 -0.9175731 0.05868575	0 0 0 1	
0.9796298 -0.006030358 -0.2007214 0.1111412	0.07615142 0.9360461 0.3435384 -0.03632594	-0.1858128 0.3518257 -0.9174379 0.05886642	0 0 0 1	
0.9797191 -0.006488081 -0.2002708 0.1112971	0.0765081 0.9358634 0.3439569 -0.03626632	-0.1851945 0.3523034 -0.9173796 0.05903805	0 0 0 1	
0.9798051 -0.006730918 -0.1998418 0.1108057	0.07658838 0.9358464 0.3439849 -0.03618617	-0.184706 0.3523437 -0.9174626 0.06197452	0 0 0 1	
0.9798571 -0.006650236 -0.1995892 0.110991	0.07635826 0.9359756 0.3436845 -0.03612747	-0.1845251 0.352002 -0.9176301 0.06219476	0 0 0 1	
0.9799159 -0.006275672 -0.1993123 0.1111986	0.07578933 0.9362221 0.3431386 -0.0360808	-0.1844472 0.3513527 -0.9178946 0.06239532	0 0 0 1	
0.9800043 -0.006017949 -0.1988852 0.111395	0.07528944 0.9364405 0.3426525 -0.03603252	-0.1841821 0.3507749 -0.9181688 0.06263203	0 0 0 1	
0.9801189 -0.006005883 -0.19832 0.1115748	0.07505567 0.9364884 0.3425729 -0.03599817	-0.1836669 0.3506472 -0.9183208 0.06292604	0 0 0 1	
0.9801869 -0.005967546 -0.1979847 0.111776	0.0749971 0.9363091 0.3430755 -0.03601443	-0.1833276 0.3511264 -0.9182055 0.06322202	0 0 0 1	
0.980197 -0.005680922 -0.1979436 0.1120067	0.07491381 0.935938 0.3441046 -0.03610021	-0.1833081 0.352119 -0.9178292 0.06349607	0 0 0 1	
0.9801588 -0.005285069 -0.1981433 0.111706	0.07480498 0.935586 0.3450841 -0.03565676	-0.1835563 0.3530593 -0.9174182 0.06262353	0 0 0 1	
0.9801431 -0.004799221 -0.1982332 0.111874	0.07448928 0.9353992 0.3456583 -0.03568968	-0.1837683 0.3535609 -0.9171826 0.06275381	0 0 0 1	
0.9801189 -0.00452619 -0.1983593 0.1120074	0.07428614 0.935395 0.3457135 -0.03567398	-0.1839795 0.3535757 -0.9171345 0.06285034	0 0 0 1	
0.9800948 -0.004461709 -0.19848 0.1120977	0.07423121 0.9354689 0.3455252 -0.03563146	-0.1841302 0.3533809 -0.9171794 0.06292949	0 0 0 1	
0.9800542 -0.004460271 -0.1986803 0.1121491	0.07427213 0.9355233 0.345369 -0.03558485	-0.1843296 0.3532368 -0.9171948 0.06298888	0 0 0 1	
0.9799262 -0.004867025 -0.1993013 0.1116456	0.07481537 0.9356145 0.3450046 -0.0354443	-0.1847901 0.3529899 -0.9171972 0.06060955	0 0 0 1	
0.9797244 -0.004617237 -0.2002967 0.1115756	0.07496931 0.9355537 0.3451359 -0.03541082	-0.1857948 0.3531542 -0.916931 0.06049586	0 0 0 1	
0.9794131 -0.004279856 -0.2018209 0.1114368	0.07518853 0.9355711 0.3450412 -0.03531782	-0.1873411 0.3531125 -0.9166324 0.06028773	0 0 0 1	
0.9789683 -0.003932618 -0.2039744 0.1111822	0.07553868 0.9357407 0.3445043 -0.03511752	-0.1895124 0.3526668 -0.9163576 0.05996681	0 0 0 1	
0.9784108 -0.00328986 -0.2066435 0.110771	0.07571529 0.9360616 0.3435925 -0.03483166	-0.1923006 0.3518206 -0.9161019 0.05952884	0 0 0 1	
0.977625 -0.002031978 -0.2103454 0.1101761	0.07559203 0.9365513 0.3422827 -0.03444918	-0.1963038 0.3505246 -0.9157496 0.05889695	0 0 0 1	
0.9762887 1.944974E-05 -0.2164727 0.1093648	0.07554936 0.9370914 0.3408107 -0.03392258	-0.2028613 0.349084 -0.9148703 0.05790146	0 0 0 1	
0.9742382 0.003330395 -0.2254971 0.1082252	0.0752947 0.9377133 0.3391527 -0.03329085	-0.2125811 0.3473942 -0.9133053 0.05906095	0 0 0 1	
0.9708877 0.007985719 -0.2394021 0.1067759	0.07526381 0.9386563 0.3365407 -0.03220442	-0.2274039 0.3447615 -0.9107288 0.05694599	0 0 0 1	
0.9664602 0.01375884 -0.2564476 0.1047142	0.07483093 0.9401469 0.3324518 -0.03060376	-0.2456725 0.3404916 -0.907585 0.0543015	0 0 0 1	
0.9613879 0.01949994 -0.274505 0.1018503	0.07401049 0.9424163 0.3261502 -0.0284346	-0.265058 0.3338731 -0.9045845 0.05143262	0 0 0 1	
0.9557308 0.02359031 -0.2932953 0.09810495	0.07411022 0.9453473 0.3175313 -0.02568421	-0.2847566 0.3252107 -0.9017493 0.04848255	0 0 0 1	
0.9489387 0.02485921 -0.3144796 0.0934227	0.07722824 0.9482489 0.3079932 -0.02222971	-0.3058615 0.3165534 -0.8979102 0.04770624	0 0 0 1	
0.9406555 0.0235961 -0.3385417 0.08791819	0.08411865 0.9502362 0.2999587 -0.0186554	-0.3287725 0.3106354 -0.89186 0.04466209	0 0 0 1	
0.9307829 0.01924722 -0.3650655 0.08136526	0.09563828 0.951014 0.2939824 -0.01473015	-0.3528408 0.308548 -0.8833468 0.04174664	0 0 0 1	
0.9192819 0.01262064 -0.3933974 0.07373799	0.1107907 0.9507765 0.2893951 -0.0103953	-0.3776854 0.3096204 -0.8726333 0.039028	0 0 0 1	
0.9061533 0.006204527 -0.4229039 0.06523178	0.1261335 0.950429 0.2842095 -0.005734151	-0.4037035 0.3108797 -0.8604518 0.03640328	0 0 0 1	
0.8902193 0.002700299 -0.4555242 0.05618717	0.1384935 0.9510427 0.2762921 -0.0008557956	-0.4339691 0.3090477 -0.8462626 0.03352511	0 0 0 1	
0.8688892 0.003605857 -0.4949935 0.04784492	0.1472253 0.9528387 0.2653738 0.004069873	-0.4726059 0.3034559 -0.8273803 0.03221291	0 0 0 1	
0.8408465 0.006879076 -0.54123 0.0381644	0.1544943 0.9552728 0.2521615 0.0092967	-0.5187569 0.295646 -0.802175 0.02860708	0 0 0 1	
0.8063381 0.01022952 -0.5913664 0.02777709	0.1616933 0.957949 0.2370422 0.01481351	-0.5689237 0.2867562 -0.7707767 0.02523401	0 0 0 1	
0.7663116 0.01265749 -0.6423443 0.01666332	0.1688926 0.9606723 0.2204177 0.02068808	-0.6198724 0.2773958 -0.7340366 0.02246749	0 0 0 1	
0.7216568 0.01618118 -0.6920619 0.00517014	0.1740566 0.9633682 0.2040245 0.02685179	-0.6700118 0.2676936 -0.6924047 0.02050862	0 0 0 1	
0.6727195 0.02293427 -0.7395421 -0.006316477	0.1760702 0.9658448 0.1901133 0.03325584	-0.7186431 0.2581042 -0.6457046 0.0194829	0 0 0 1	
0.6197079 0.03252821 -0.7841582 -0.01692503	0.1767647 0.9676846 0.1798356 0.03982846	-0.7646675 0.250057 -0.5939319 0.02072203	0 0 0 1	
0.56549 0.04154891 -0.8237079 -0.02844927	0.179034 0.9687314 0.1717741 0.04673069	-0.8050887 0.2446083 -0.5403693 0.02202002	0 0 0 1	
0.5141006 0.04749331 -0.856414 -0.04044478	0.1843014 0.9690275 0.1643735 0.05375209	-0.8376954 0.2423428 -0.4894245 0.02446363	0 0 0 1	
0.4651165 0.04969635 -0.8838535 -0.05291764	0.1929999 0.9687132 0.1560315 0.06069745	-0.8639547 0.2431564 -0.4409731 0.02791724	0 0 0 1	
0.4151568 0.04950316 -0.908402 -0.06564814	0.2050915 0.9677216 0.1464664 0.06736177	-0.8863308 0.2471121 -0.3916035 0.03246248	0 0 0 1	
0.3647661 0.04763214 -0.9298801 -0.07851617	0.220349 0.9659056 0.1359143 0.07366436	-0.9046503 0.254475 -0.3418339 0.03816829	0 0 0 1	
0.3153183 0.04424528 -0.9479539 -0.08969469	0.238336 0.9632038 0.1242349 0.07977396	-0.9185697 0.2651051 -0.2931706 0.0457001	0 0 0 1	
0.2675512 0.04137126 -0.9626552 -0.10234	0.257102 0.9597897 0.1127046 0.08541161	-0.9286093 0.2776548 -0.2461563 0.05333301	0 0 0 1	
0.2205895 0.04062324 -0.9745206 -0.1144252	0.2757366 0.9557787 0.1022569 0.09083981	-0.93558 0.2912677 -0.1996334 0.06183349	0 0 0 1	
0.1738778 0.04104178 -0.9839117 -0.1260247	0.2936904 0.9515025 0.09159119 0.09599794	-0.9399535 0.3048911 -0.1533917 0.07113083	0 0 0 1	
0.1267984 0.04172403 -0.9910506 -0.1372264	0.3103442 0.9472867 0.07958803 0.1008799	-0.9421299 0.3176585 -0.1071656 0.08120435	0 0 0 1	
0.08092064 0.04302467 -0.9957916 -0.148052	0.3257473 0.9430645 0.06721762 0.1055151	-0.9419877 0.3298156 -0.06229824 0.09194148	0 0 0 1	
0.03539705 0.04531676 -0.9983454 -0.1586749	0.3399678 0.9388467 0.05466981 0.109939	-0.9397707 0.3413404 -0.0178262 0.1034836	0 0 0 1	
-0.01099432 0.04779607 -0.9987967 -0.1686064	0.3534826 0.9345496 0.04083069 0.1136885	-0.9353766 0.3526083 0.02716982 0.1161017	0 0 0 1	
-0.05646098 0.04876885 -0.9972129 -0.178498	0.3681121 0.9294556 0.0246131 0.1163627	-0.9280655 0.3656965 0.0704304 0.1298038	0 0 0 1	
-0.1004769 0.04923891 -0.9937203 -0.1881281	0.384806 0.9229723 0.006824896 0.1177526	-0.9175123 0.3817037 0.1116848 0.1447309	0 0 0 1	
-0.1442363 0.0491506 -0.988322 -0.1973567	0.4026164 0.9152731 -0.01324025 0.1176816	-0.9039337 0.3998243 0.1518044 0.1609097	0 0 0 1	
-0.1895 0.04889683 -0.9806625 -0.2058345	0.4203029 0.906669 -0.03601047 0.1160379	-0.8873755 0.4189992 0.1923652 0.1784405	0 0 0 1	
-0.2376641 0.04999615 -0.9700598 -0.2150894	0.4368238 0.8974923 -0.06076553 0.1127157	-0.8675832 0.438187 0.2351413 0.1970096	0 0 0 1	
-0.2863927 0.05311626 -0.9566389 -0.2204352	0.4514621 0.8881515 -0.08584237 0.1086959	-0.8450807 0.4564708 0.2783401 0.2171151	0 0 0 1	
-0.3346151 0.05805318 -0.940565 -0.2241258	0.4633662 0.8792406 -0.1105789 0.1041441	-0.8205634 0.4728274 0.3211071 0.2377601	0 0 0 1	
-0.3813956 0.06507704 -0.9221184 -0.2261292	0.4720816 0.8713475 -0.1337628 0.09956529	-0.7947807 0.4863317 0.3630497 0.2585375	0 0 0 1	
-0.4258977 0.07349513 -0.9017817 -0.226701	0.4776776 0.8647315 -0.1551242 0.09513719	-0.7683982 0.4968279 0.4033942 0.2790725	0 0 0 1	
-0.4683585 0.08261876 -0.8796673 -0.2259673	0.4800485 0.8596394 -0.174853 0.09095412	-0.7417505 0.5041768 0.4422805 0.2992225	0 0 0 1	
-0.5088154 0.09229133 -0.8559144 -0.2199567	0.4791707 0.856349 -0.1925144 0.08927811	-0.715194 0.5080833 0.479947 0.3180602	0 0 0 1	
-0.5490086 0.1039261 -0.8293305 -0.2156606	0.4744893 0.8556033 -0.2068888 0.08690758	-0.6880768 0.5070921 0.5190455 0.3370998	0 0 0 1	
-0.5884219 0.1175085 -0.7999698 -0.2090132	0.4651781 0.8584431 -0.2160664 0.08683786	-0.6613389 0.4992666 0.5597892 0.3551634	0 0 0 1	
-0.6255552 0.1306855 -0.7691567 -0.2011745	0.4507056 0.8652538 -0.2195457 0.08964483	-0.6368244 0.4840012 0.6001647 0.3714204	0 0 0 1	
-0.6595352 0.140042 -0.7385132 -0.1938003	0.4313769 0.8751123 -0.2192998 0.09464417	-0.6155708 0.4632134 0.6375782 0.3855264	0 0 0 1	
-0.6901113 0.1449069 -0.7090477 -0.1875076	0.4092932 0.8861588 -0.2172594 0.1006108	-0.5968465 0.4401415 0.6708577 0.3979151	0 0 0 1	
-0.718833 0.1475956 -0.679334 -0.1804241	0.3868669 0.8968388 -0.2145089 0.1071365	-0.5775926 0.4170079 0.7017772 0.4089564	0 0 0 1	
-0.7464881 0.1493632 -0.6484183 -0.173168	0.3657218 0.9061891 -0.2122945 0.1123254	-0.5558805 0.395616 0.7310847 0.4207944	0 0 0 1	
-0.7718952 0.1495589 -0.6179081 -0.1658919	0.3461877 0.9140799 -0.2112155 0.1164681	-0.5332282 0.3769484 0.7573493 0.4325698	0 0 0 1	
-0.7943088 0.147743 -0.5892757 -0.1593434	0.3283739 0.9204848 -0.211845 0.1192952	-0.5111206 0.3617731 0.7796642 0.4441234	0 0 0 1	
-0.8140674 0.1431387 -0.5628549 -0.1538999	0.3111089 0.9258488 -0.2145114 0.1208264	-0.4904137 0.3497359 0.7982351 0.4553671	0 0 0 1	
-0.8311286 0.1356307 -0.5392861 -0.1499266	0.294062 0.9303051 -0.2192259 0.1211224	-0.4719668 0.3407885 0.813087 0.4663278	0 0 0 1	
-0.8459504 0.1277523 -0.517733 -0.1465129	0.2788606 0.9335309 -0.2252927 0.1203344	-0.4545381 0.3349618 0.8253459 0.4771303	0 0 0 1	
-0.860069 0.1229628 -0.4951378 -0.1407396	0.2669775 0.9355029 -0.2314244 0.118587	-0.4347463 0.3312316 0.8374254 0.4887518	0 0 0 1	
-0.8748945 0.1217783 -0.4687533 -0.131387	0.2575078 0.9366911 -0.2372751 0.1162815	-0.4101821 0.3282984 0.8508648 0.5009981	0 0 0 1	
-0.8893546 0.1211315 -0.4408804 -0.1205296	0.2484219 0.9375378 -0.2435352 0.1134014	-0.3838422 0.3261135 0.8638953 0.5132169	0 0 0 1	
-0.902244 0.1188452 -0.414526 -0.1103309	0.2385977 0.9383047 -0.2503107 0.1100944	-0.3592035 0.3247463 0.874936 0.5248324	0 0 0 1	
-0.9132363 0.1154735 -0.3907239 -0.1011442	0.2285571 0.9390858 -0.2566699 0.1068053	-0.3372847 0.323703 0.8839996 0.5356265	0 0 0 1	
-0.9223104 0.1117174 -0.3699498 -0.09348688	0.2187653 0.9400817 -0.2615112 0.1050732	-0.3185676 0.3221267 0.891487 0.5451272	0 0 0 1	
-0.9305542 0.1075945 -0.3499893 -0.08543928	0.2083783 0.9415833 -0.264574 0.1033615	-0.3010774 0.3191306 0.8986145 0.5543048	0 0 0 1	
-0.9383956 0.1033124 -0.3297582 -0.07683168	0.1971847 0.9437427 -0.2654579 0.1029691	-0.2837818 0.3141278 0.9059757 0.5628606	0 0 0 1	
-0.9456234 0.09912213 -0.3097933 -0.06784233	0.1858028 0.9463592 -0.2643515 0.103815	-0.2669727 0.3075373 0.9133165 0.5708707	0 0 0 1	
-0.9522705 0.09534314 -0.2899841 -0.05831937	0.1746239 0.9493264 -0.2613158 0.1058655	-0.2503749 0.2994815 0.9206647 0.5783752	0 0 0 1	
-0.9585712 0.09087896 -0.2699682 -0.04848397	0.1625694 0.952774 -0.2565011 0.1092081	-0.2339082 0.2897631 0.9280758 0.585354	0 0 0 1	
-0.9644411 0.08431172 -0.2504902 -0.03984713	0.1485314 0.9568324 -0.2498203 0.1148686	-0.2186143 0.2781426 0.9353313 0.5915477	0 0 0 1	
-0.9696987 0.07624598 -0.2321022 -0.03140406	0.1333516 0.9612288 -0.2413638 0.1211997	-0.2047003 0.2650013 0.9422698 0.5974577	0 0 0 1	
-0.9745792 0.06825525 -0.2133925 -0.02242927	0.1181033 0.9658934 -0.2304378 0.1293632	-0.1903858 0.2497822 0.9494009 0.6028679	0 0 0 1	
-0.9793941 0.06172489 -0.1922957 -0.01127984	0.1036163 0.9708576 -0.2161 0.1399669	-0.173353 0.231572 0.9572479 0.6075506	0 0 0 1	
-0.9840738 0.05701474 -0.1683691 0.002466775	0.09034805 0.9761275 -0.1975154 0.1535348	-0.1530884 0.2095815 0.9657326 0.6111133	0 0 0 1	
-0.9884369 0.05404521 -0.1416745 0.0187884	0.07878049 0.981363 -0.1752721 0.1696648	-0.1295615 0.1844066 0.9742732 0.6133678	0 0 0 1	
-0.9923213 0.05303159 -0.1117421 0.03575999	0.06961309 0.9862091 -0.1501521 0.1894772	-0.1022383 0.1567778 0.9823279 0.6136457	0 0 0 1	
-0.9954395 0.05426002 -0.07846013 0.05801281	0.06366122 0.9903917 -0.1227657 0.2090742	-0.071045 0.1272007 0.9893293 0.6125484	0 0 0 1	
-0.9973066 0.0583532 -0.04443914 0.08207326	0.06229507 0.9936963 -0.09320432 0.2299911	-0.03872024 0.0957216 0.9946549 0.6094534	0 0 0 1	
-0.9979417 0.06310926 -0.01138591 0.1061989	0.06369916 0.9960189 -0.0623602 0.2519961	-0.007405074 0.06295712 0.9979888 0.6045452	0 0 0 1	
-0.9975185 0.06708641 0.02135552 0.1302506	0.0663896 0.9972863 -0.03181852 0.2741782	0.02343216 0.03032178 0.9992654 0.5981079	0 0 0 1	
-0.9966106 0.07105247 0.04145956 0.1471543	0.07084521 0.9974664 -0.006448826 0.2932903	0.04181272 0.003489757 0.9991194 0.5937259	0 0 0 1	
-0.9953312 0.07375287 0.06226345 0.1609763	0.07470962 0.9971182 0.01317728 0.311909	0.06111216 -0.01776743 0.9979728 0.5883904	0 0 0 1	
-0.993022 0.07543756 0.09064388 0.182529	0.07798938 0.9966421 0.02494302 0.3236719	0.08845787 -0.03183823 0.9955709 0.5855116	0 0 0 1	
-0.9889972 0.07892555 0.1251224 0.2090996	0.0830337 0.9961545 0.02795686 0.3304674	0.1224347 -0.03803863 0.9917475 0.5838071	0 0 0 1	
-0.9823356 0.08515094 0.1666323 0.2417282	0.09038176 0.9956168 0.02404993 0.3332533	0.163854 -0.03868562 0.9857259 0.5818438	0 0 0 1	
-0.9739276 0.09389836 0.2065147 0.2750359	0.09887265 0.9950033 0.01387609 0.332436	0.2041799 -0.03393297 0.9783452 0.5810962	0 0 0 1	
-0.9653273 0.1041648 0.2393598 0.3052248	0.1061611 0.9943384 -0.004574017 0.3267417	0.2384811 -0.02099527 0.9709202 0.5840653	0 0 0 1	
-0.9546411 0.1158146 0.2743127 0.3333528	0.1121602 0.9932662 -0.02902546 0.3196154	0.2758271 -0.00305807 0.9612025 0.5857097	0 0 0 1	
-0.9388584 0.1299617 0.3188334 0.3732349	0.1188531 0.9914346 -0.05414215 0.3095788	0.3231389 0.01293748 0.9462631 0.5834437	0 0 0 1	
-0.9213026 0.1464065 0.3602316 0.4125479	0.1248702 0.9887382 -0.08248716 0.2971926	0.3682514 0.03101344 0.9292089 0.5807744	0 0 0 1	
-0.9028004 0.1586312 0.3997344 0.4489378	0.1253548 0.986189 -0.1082467 0.2874309	0.4113849 0.04761657 0.910217 0.5763243	0 0 0 1	
-0.8862002 0.1642215 0.4332215 0.4786619	0.1179463 0.9842315 -0.1318215 0.280438	0.4480383 0.06572331 0.8915955 0.5736178	0 0 0 1	
-0.8726121 0.1645031 0.4598778 0.5018339	0.1011618 0.9820288 -0.1593288 0.2715142	0.4778233 0.09251009 0.8735716 0.5761637	0 0 0 1	
-0.8608918 0.1627603 0.4820526 0.5169746	0.07880548 0.978674 -0.189702 0.2636051	0.5026484 0.1253245 0.8553588 0.58099	0 0 0 1	
-0.8512955 0.1663383 0.4976221 0.5347494	0.05966566 0.9729553 -0.2231546 0.2485211	0.5212833 0.1602795 0.8381971 0.5901599	0 0 0 1	
-0.8432723 0.1740434 0.5085285 0.5515391	0.04503097 0.965673 -0.2558277 0.2322814	0.5355974 0.1928328 0.8221627 0.5996099	0 0 0 1	
-0.838289 0.1753053 0.5162748 0.5630961	0.02978873 0.960212 -0.277679 0.2247426	0.5444118 0.2173961 0.8101573 0.6087661	0 0 0 1	
-0.8377649 0.1640944 0.5207908 0.5660986	0.01347145 0.9596961 -0.280717 0.2337715	0.5458649 0.228159 0.8062102 0.6178333	0 0 0 1	
-0.8391296 0.1511199 0.5225177 0.5658293	0.002584033 0.9617273 -0.2739962 0.2507022	0.5439258 0.228568 0.8074043 0.6255261	0 0 0 1	
-0.8401612 0.1432088 0.5230874 0.5613044	0.0006046146 0.9647533 -0.2631553 0.2727711	0.5423365 0.2207766 0.8106349 0.6289248	0 0 0 1	
-0.8398826 0.1428498 0.5236324 0.5662456	0.005900979 0.9670908 -0.2543629 0.2895607	0.5427358 0.2105451 0.8130858 0.6308343	0 0 0 1	
-0.8403705 0.1452461 0.522189 0.5712221	0.01327124 0.9686509 -0.2480712 0.3043083	0.5418501 0.2015415 0.8159533 0.6336831	0 0 0 1	
-0.8398737 0.1437273 0.5234068 0.5754256	0.01602706 0.9704504 -0.2407678 0.321496	0.5425453 0.1938259 0.8173593 0.6356952	0 0 0 1	
